1789435651.2251542
1789435651.4558845
1789435657.8387327
1789435659.4576085
1789435661.682561
1789435663.0262923
1789435663.2555358
1789435675.1943204
1789435675.4478183
1789435675.680119
1789435689.0799205
1789435690.4589381
1789435690.9078858
1789435693.0195854
1789435696.201458
1789435706.3208585
1789435712.668127
1789435717.7126167
1789435724.6230872
1789435748.6414745
1789435762.8154066
1789435763.0238373
1789435764.6671686
1789435764.9893835
1789435770.7320566
1789435770.9272807
1789435777.6752522
1789435778.114474
1789435784.6439111
1789435784.9623978
1789435799.3609245
1789435811.3683403
1789435830.0527544
1789435835.8743567
1789435841.196495
1789435842.024048
1789435845.0153198
1789435845.4177258
1789435877.186409
1789435877.9141407
1789435892.5436563
1789435892.7677195
1789435898.5752866
1789435898.7444098
1789435904.4333124
1789435911.1323452
1789435911.658678
1789435913.3140695
1789435914.7420235
1789435918.710329
1789435932.06768
1789435932.5786755
1789435932.7766995
1789435934.0263731
1789435940.5629947
1789435956.7121243
1789435957.3134825
1789435957.6436684
1789435968.633045
1789435969.6837206
1789435982.7716303
1789435987.4218338
1789435993.8598597
1789435994.140996
1789435994.5659175
1789436005.7858067
1789436006.475652
1789436010.8990371
1789436017.6354008
1789436017.8680449
1789436032.5263345
1789436033.1858149
1789436033.5933793
1789436033.9809737
1789436034.1648934
1789436034.4092677
1789436034.6012938
1789436040.6180313
1789436040.8889227
1789436041.153862
1789436054.1878846
1789436054.64522
1789436059.3136246
1789436059.5566545
1789436059.9237676
1789436060.2344408
1789436075.7548578
1789436076.6839092
1789436076.953456
1789436077.1270459
1789436090.4195077
1789436090.805355
1789436101.1066053
1789436102.328387
1789436102.8288016
1789436103.1328595
1789436103.3270888
1789436103.944368
1789436104.601365
1789436105.0693755
1789436117.9490712
1789436118.1658528
1789436123.6857398
1789436124.0585268
1789436129.0987248
1789436129.3177261
1789436129.5431669
1789436133.9904807
1789436134.3825731
1789436140.538354
1789436152.4675562
1789436163.4963143
1789436163.7158482
1789436170.0681953
1789436175.761313
1789436177.6715238
1789436177.8610823
1789436185.145316
1789436185.315771
1789436187.91818
1789436203.2655547
1789436209.3414545
1789436219.012067
1789436220.747582
1789436226.4701588
1789436226.859127
1789436230.3142202
1789436230.7020407
1789436231.2035527
1789436231.511477
1789436250.7742605
1789436254.5869107
1789436260.8623543
1789436261.3039954
1789436261.5254767
1789436261.7318625
1789436266.6125455
1789436266.9216156
1789436267.526276
1789436268.450738
1789436286.6103508
1789436291.7948036
1789436292.301388
1789436297.7561994
1789436307.910327
1789436313.3930292
1789436322.95649
1789436323.3903477
1789436325.0533397
1789436325.4558244
1789436338.0283256
1789436338.8311498
1789436339.0325878
1789436339.3095627
1789436355.6955018
1789436359.8005922
1789436363.0691829
1789436363.638427
1789436364.1428597
1789436364.5632913
1789436377.5087996
1789436383.407884
1789436391.0240107
1789436400.7107139
1789436401.6428077
1789436403.982692
1789436404.1660986
1789436404.5325723
1789436410.7544463
1789436419.2159748
1789436433.8521354
1789436440.6413617
1789436440.821038
1789436442.2745738
1789436442.4511588
1789436442.7307718
1789436442.920691
1789436443.1196003
1789436443.40123
1789436443.6191723
1789436458.3979342
1789436458.6475463
1789436464.1235263
1789436464.631839
1789436469.075742
1789436469.287608
1789436469.456274
1789436470.0776656
1789436470.5036187
1789436471.4148786
1789436483.1783803
1789436487.6326108
1789436488.5088675
1789436488.732794
1789436497.2916539
1789436501.7133465
1789436506.9246573
1789436507.1924298
1789436507.3906372
1789436523.3894315
1789436535.4152324
1789436536.178161
1789436541.1699622
1789436542.0972788
1789436542.5316648
1789436542.686901
1789436543.1150718
1789436543.771455
1789436544.4628499
1789436549.2516086
1789436561.2231581
1789436561.4703217
1789436566.976384
1789436567.162008
1789436567.9040117
1789436568.3712094
1789436569.0731258
1789436569.247338
1789436569.5166078
1789436569.6911368
1789436586.1663265
1789436587.0123382
1789436588.1811497
1789436588.5976179
1789436588.929727
1789436593.3726463
1789436593.997653
1789436594.783748
1789436595.0462596
1789436599.826048
1789436612.0464818
1789436613.348821
1789436613.5329256
1789436614.1604383
1789436614.566487
1789436614.9625125
1789436620.4141183
1789436621.466332
1789436621.6464758
1789436621.9088857
1789436637.711761
1789436637.885088
1789436638.0871584
1789436645.9357948
1789436646.3267803
1789436647.1349216
1789436647.6732736
1789436647.9774652
1789436648.2872252
1789436648.537571
1789436665.1327074
1789436670.8479888
1789436671.062647
1789436671.2585676
1789436675.4089143
1789436675.59242
1789436675.9877787
1789436682.1984377
1789436683.6276543
1789436684.483773
1789436702.1712804
1789436702.4611542
1789436703.8765252
1789436708.3254309
1789436708.5541787
1789436710.0167136
1789436710.2430553
1789436714.4703693
1789436714.9590774
1789436715.4293578
1789436727.768426
1789436729.5723
1789436735.5956326
1789436736.405475
1789436736.8651388
1789436737.1631866
1789436737.3839881
1789436737.756138
1789436738.164618
1789436738.9758322
1789436749.8690615
1789436761.1244469
1789436765.215105
1789436765.6602035
1789436772.2618878
1789436773.8592074
1789436774.0994186
1789436776.2276332
1789436776.6039429
1789436776.838821
1789436799.9877267
1789436800.186706
1789436802.305959
1789436802.510538
1789436807.9473057
1789436808.1453156
1789436808.3640494
1789436809.0671484
1789436811.3699799
1789436817.8170583
1789436830.911845
1789436831.2910867
1789436831.5455313
1789436843.275836
1789436844.923153
1789436845.2334738
1789436854.2295415
1789436855.8702366
1789436858.3342113
1789436858.7647965
1789436876.9004002
1789436878.6736262
1789436878.8838618
1789436879.794543
1789436881.3998108
1789436885.8378599
1789436886.0127172
1789436891.098815
1789436896.1050215
1789436896.3897507
1789436911.8846667
1789436912.1842365
1789436912.3959203
1789436912.6161973
1789436921.129521
1789436927.9630778
1789436928.215065
1789436928.404172
1789436930.8159866
1789436935.121793
1789436950.7958388
1789436952.7329462
1789436952.9177725
1789436954.8714316
1789436955.302073
1789436955.5101166
1789436956.2807343
1789436969.0728517
1789436969.4599824
1789436969.6502707
1789436984.6459203
1789436984.8468237
1789436985.1146576
1789436986.4277093
1789436988.1755092
1789436999.7878664
1789437011.6957314
1789437011.892373
1789437014.1479113
1789437014.5833588
1789437024.5272324
1789437024.7868686
1789437026.9936352
1789437032.3089218
1789437032.5550988
1789437032.8420274
1789437033.1008065
1789437033.3899472
1789437038.194746
1789437039.0115545
1789437049.4870129
1789437062.191881
1789437062.889515
1789437067.5130775
1789437072.0908504
1789437080.9105299
1789437081.1351047
1789437081.3042326
1789437091.0785506
1789437101.7419794
1789437111.9294739
1789437112.1471734
1789437120.9863596
1789437121.1785345
1789437121.3184888
1789437121.9153006
1789437123.0452688
1789437123.3855562
1789437123.5157428
1789437132.0990815
1789437141.791609
1789437142.1908832
1789437142.5456593
1789437142.748249
1789437148.1409261
1789437148.3218524
1789437148.480934
1789437148.9387746
1789437149.1709332
1789437153.7202547
1789437163.5392835
1789437164.2969844
1789437169.915739
1789437170.140532
1789437170.3097315
1789437170.5136993
1789437174.924599
1789437175.458458
1789437175.611188
1789437176.1901515
1789437192.0036178
1789437193.1673748
1789437193.5270953
1789437195.636465
1789437195.9046056
1789437206.1837614
1789437206.552467
1789437207.2116132
1789437212.8155243
1789437212.9684796
1789437223.9908793
1789437224.3963542
1789437224.5742772
1789437230.439014
1789437230.6094885
1789437235.3982317
1789437235.5930874
1789437236.2379284
1789437241.377388
1789437247.8138852
1789437258.9038396
1789437261.3273585
1789437261.9342568
1789437262.722957
1789437262.9688222
1789437263.1983786
1789437264.8998735
1789437266.4321785
1789437267.6106899
1789437267.8725312
1789437278.9814365
1789437280.1470442
1789437280.3447003
1789437281.7855406
1789437282.0858588
1789437284.6897626
1789437285.8441477
1789437286.0144327
1789437291.2739007
1789437291.4571078
1789437304.6791327
1789437304.8366873
1789437305.1954732
1789437305.4403312
1789437306.097286
1789437310.70599
1789437315.0993252
1789437326.9920442
1789437327.1852531
1789437327.340265
1789437342.179248
1789437351.6629987
1789437351.9174168
1789437352.9158297
1789437353.1443996
1789437365.1217418
1789437366.538635
1789437367.9664214
1789437373.41679
1789437374.0524318
1789437384.1508915
1789437384.4150493
1789437384.9753664
1789437385.2109835
1789437385.4374654
1789437390.8755636
1789437391.0676544
1789437391.2408996
1789437395.6469538
1789437395.9160924
1789437405.355203
1789437405.6222937
1789437405.795086
1789437406.535769
1789437406.762737
1789437406.9367235
1789437416.1246767
1789437421.587346
1789437422.0779853
1789437422.2929533
1789437437.3167684
1789437438.2258904
1789437442.703643
1789437448.175642
1789437448.3791625
1789437448.9930217
1789437453.1511502
1789437453.3718464
1789437453.6537921
1789437460.0073197
1789437469.8548195
1789437470.0161142
1789437480.4273407
1789437482.24462
1789437482.3812132
1789437482.882511
1789437488.517653
1789437488.7095313
1789437488.897762
1789437491.3787446
1789437501.193698
1789437501.3864655
1789437508.8614893
1789437509.046773
1789437509.4864852
1789437514.2896838
1789437514.4483562
1789437519.0008402
