CONTINUATION FROM SESSION: logs\2026-09-18_12-52
----------------------------------------------------------------------------------------------------
start time: 21-09-2026 01:07:25 | end time: 21-09-2026 01:07:31 | duration: 00:00:05
runs: 0; brain updates: 0
Skill Name           | True Positive   | True Negative   | false Positive  | false Negative  | Total          
----------------------------------------------------------------------------------------------------
Start                | 0               | 0               | 0               | 0               | 0         
Find_the_Door        | 0               | 0               | 0               | 0               | 0         
Go_to_the_Door       | 0               | 0               | 0               | 0               | 0         
Open_the_Door        | 0               | 0               | 0               | 0               | 0         
Find_the_Goal        | 0               | 0               | 0               | 0               | 0         
Go_to_the_Goal       | 0               | 0               | 0               | 0               | 0         
Finish               | 0               | 0               | 0               | 0               | 0         
----------------------------------------------------------------------------------------------------
----------------------------------------------------------------------------------------------------
tests: 100, successes: 0
Test                 | Plan Length     | Steps Executed  | Last Action     | Duration [s]    | Result         
1                    | 7               | 0               | -               | 4.060           | 0         
2                    | 7               | 0               | -               | 3.437           | 0         
3                    | 7               | 0               | -               | 3.473           | 0         
4                    | 7               | 0               | -               | 3.138           | 0         
5                    | 7               | 0               | -               | 3.036           | 0         
6                    | 7               | 0               | -               | 2.993           | 0         
7                    | 7               | 0               | -               | 2.987           | 0         
8                    | 7               | 0               | -               | 2.998           | 0         
9                    | 7               | 0               | -               | 3.953           | 0         
10                   | 7               | 0               | -               | 3.759           | 0         
11                   | 7               | 0               | -               | 3.529           | 0         
12                   | 7               | 0               | -               | 3.968           | 0         
13                   | 7               | 0               | -               | 3.086           | 0         
14                   | 7               | 0               | -               | 3.046           | 0         
15                   | 7               | 0               | -               | 3.367           | 0         
16                   | 7               | 0               | -               | 3.170           | 0         
17                   | 7               | 0               | -               | 3.907           | 0         
18                   | 7               | 0               | -               | 4.625           | 0         
19                   | 7               | 0               | -               | 5.002           | 0         
20                   | 7               | 0               | -               | 3.992           | 0         
21                   | 7               | 0               | -               | 3.433           | 0         
22                   | 7               | 0               | -               | 3.458           | 0         
23                   | 7               | 2               | Find_the_Door   | 7.397           | 0         
24                   | 7               | 0               | -               | 4.698           | 0         
25                   | 7               | 0               | -               | 3.917           | 0         
26                   | 7               | 0               | -               | 3.731           | 0         
27                   | 7               | 0               | -               | 4.439           | 0         
28                   | 7               | 0               | -               | 3.757           | 0         
29                   | 7               | 0               | -               | 4.038           | 0         
30                   | 7               | 0               | -               | 3.438           | 0         
31                   | 7               | 0               | -               | 3.263           | 0         
32                   | 7               | 0               | -               | 3.723           | 0         
33                   | 7               | 0               | -               | 3.427           | 0         
34                   | 7               | 1               | Start           | 3.415           | 0         
35                   | 7               | 0               | -               | 3.488           | 0         
36                   | 7               | 0               | -               | 3.111           | 0         
37                   | 7               | 0               | -               | 3.020           | 0         
38                   | 7               | 0               | -               | 3.041           | 0         
39                   | 7               | 0               | -               | 3.490           | 0         
40                   | 7               | 0               | -               | 3.457           | 0         
41                   | 7               | 0               | -               | 3.557           | 0         
42                   | 7               | 0               | -               | 3.548           | 0         
43                   | 7               | 0               | -               | 3.327           | 0         
44                   | 7               | 0               | -               | 3.522           | 0         
45                   | 7               | 0               | -               | 3.249           | 0         
46                   | 7               | 0               | -               | 3.104           | 0         
47                   | 7               | 0               | -               | 3.064           | 0         
48                   | 7               | 0               | -               | 3.382           | 0         
49                   | 7               | 0               | -               | 3.428           | 0         
50                   | 7               | 0               | -               | 3.799           | 0         
51                   | 7               | 0               | -               | 4.110           | 0         
52                   | 7               | 0               | -               | 3.775           | 0         
53                   | 7               | 0               | -               | 3.343           | 0         
54                   | 7               | 0               | -               | 2.994           | 0         
55                   | 7               | 0               | -               | 3.092           | 0         
56                   | 7               | 0               | -               | 3.277           | 0         
57                   | 7               | 0               | -               | 3.414           | 0         
58                   | 7               | 0               | -               | 3.426           | 0         
59                   | 7               | 0               | -               | 3.578           | 0         
60                   | 7               | 0               | -               | 3.623           | 0         
61                   | 7               | 0               | -               | 3.381           | 0         
62                   | 7               | 0               | -               | 3.375           | 0         
63                   | 7               | 0               | -               | 3.459           | 0         
64                   | 7               | 0               | -               | 3.443           | 0         
65                   | 7               | 0               | -               | 4.160           | 0         
66                   | 7               | 0               | -               | 3.944           | 0         
67                   | 7               | 0               | -               | 3.607           | 0         
68                   | 7               | 0               | -               | 3.654           | 0         
69                   | 7               | 0               | -               | 3.672           | 0         
70                   | 7               | 0               | -               | 4.235           | 0         
71                   | 7               | 0               | -               | 4.120           | 0         
72                   | 7               | 0               | -               | 3.443           | 0         
73                   | 7               | 0               | -               | 3.016           | 0         
74                   | 7               | 0               | -               | 3.134           | 0         
75                   | 7               | 0               | -               | 3.170           | 0         
76                   | 7               | 0               | -               | 3.033           | 0         
77                   | 7               | 0               | -               | 3.560           | 0         
78                   | 7               | 0               | -               | 3.475           | 0         
79                   | 7               | 0               | -               | 3.370           | 0         
80                   | 7               | 0               | -               | 2.862           | 0         
81                   | 7               | 0               | -               | 2.767           | 0         
82                   | 7               | 0               | -               | 2.714           | 0         
83                   | 7               | 0               | -               | 2.806           | 0         
84                   | 7               | 0               | -               | 2.773           | 0         
85                   | 7               | 0               | -               | 2.705           | 0         
86                   | 7               | 0               | -               | 2.722           | 0         
87                   | 7               | 0               | -               | 2.875           | 0         
88                   | 7               | 0               | -               | 2.876           | 0         
89                   | 7               | 0               | -               | 2.859           | 0         
90                   | 7               | 0               | -               | 2.899           | 0         
91                   | 7               | 0               | -               | 3.003           | 0         
92                   | 7               | 0               | -               | 2.763           | 0         
93                   | 7               | 0               | -               | 2.722           | 0         
94                   | 7               | 0               | -               | 2.709           | 0         
95                   | 7               | 0               | -               | 2.725           | 0         
96                   | 7               | 0               | -               | 2.738           | 0         
97                   | 7               | 0               | -               | 2.855           | 0         
98                   | 7               | 0               | -               | 2.901           | 0         
99                   | 7               | 0               | -               | 2.937           | 0         
100                  | 7               | 0               | -               | 2.936           | 0         
