1789139204.4627385
1789139216.3573985
1789139219.3133452
1789139221.4189732
1789139225.863957
1789139232.0502918
1789139243.1652596
1789139270.447438
1789139301.2409768
1789139302.1949494
1789139303.6431487
1789139305.8556523
1789139306.6438088
1789139318.241485
1789139319.226335
1789139330.935154
1789139332.1378
1789139333.67808
1789139334.4622748
1789139335.3492262
1789139338.2462997
1789139351.4403107
1789139351.823416
1789139353.370945
1789139353.9550712
1789139354.5135922
1789139355.2596424
1789139355.724827
1789139356.050235
1789139369.4343112
1789139370.4487312
1789139370.9818127
1789139372.90165
1789139373.1746929
1789139374.8506796
1789139375.5068002
1789139389.815999
1789139390.329895
1789139391.0208385
1789139391.5169141
1789139396.5214221
1789139396.7631176
1789139397.2493834
1789139404.8742867
1789139406.1824777
1789139426.7073307
1789139426.9191515
1789139439.4332418
1789139439.8147018
1789139440.5220304
1789139441.2578385
1789139441.9409895
1789139442.596768
1789139442.941699
1789139443.54186
1789139443.9351225
1789139444.3063495
1789139450.6441724
1789139450.8837817
1789139451.5697556
1789139452.1577973
1789139456.19568
1789139457.166592
1789139457.4855826
1789139458.161388
1789139470.5117216
1789139470.801555
1789139471.3007493
1789139472.8252301
1789139473.3561914
1789139474.819153
1789139500.2453887
1789139500.7743475
1789139501.1441042
1789139501.747227
1789139502.08488
1789139502.4149635
1789139503.0387123
1789139503.4022462
1789139504.317485
1789139510.017565
1789139510.569529
1789139510.9544818
1789139542.5943575
1789139543.1278749
1789139543.5050943
1789139544.0136352
1789139553.3394856
1789139553.632614
1789139554.1682377
1789139554.9660742
1789139561.8326504
1789139562.2592132
1789139562.9973776
1789139569.7904525
1789139570.2875962
1789139575.2008855
1789139576.676297
1789139592.8718925
1789139599.3731523
1789139600.4899197
1789139602.0420465
1789139602.4597514
1789139602.9919884
1789139604.838279
1789139606.619272
1789139624.1365747
1789139629.1849618
1789139634.7396626
1789139651.9155116
1789139652.9220343
1789139653.358703
1789139653.9087448
1789139677.3608253
1789139678.3338327
1789139679.2399662
1789139683.3309464
1789139688.944693
1789139702.201827
1789139702.5095484
1789139703.7885942
1789139704.0301447
1789139704.4137614
1789139711.6271436
1789139713.250461
1789139714.1800587
1789139715.8793962
1789139716.247094
1789139717.267729
1789139717.853084
1789139718.8829284
1789139720.46677
1789139733.9934702
1789139735.0320888
1789139736.959751
1789139737.377804
1789139750.5458379
1789139762.5068486
1789139767.222559
1789139768.2911005
1789139769.2677958
1789139781.24947
1789139784.0306542
1789139799.9230168
1789139803.1490514
1789139803.384182
1789139804.3105361
1789139804.7059917
1789139805.0499465
1789139805.4200988
1789139806.8320355
1789139813.8527243
1789139814.4503589
1789139815.7492003
1789139816.0236776
1789139817.4670227
1789139818.2588112
1789139821.0915232
1789139822.545744
1789139824.7943082
1789139825.6015103
1789139827.4462075
1789139830.6435816
1789139845.8887966
1789139847.4148731
1789139848.9407232
1789139849.5546389
1789139849.9468837
1789139850.3130932
1789139850.7120342
1789139852.7393913
1789139853.6236014
1789139865.7734258
1789139866.3658624
1789139868.351312
1789139870.2397492
1789139871.8582487
1789139873.4863853
1789139897.2794626
1789139902.4137628
1789139933.4882255
1789139938.9891105
1789139939.6806607
1789139941.3954058
1789139943.006093
1789139944.11585
1789139944.466828
1789139945.3333926
1789139947.1863801
1789139947.713101
1789139950.4762576
1789139951.9918694
1789139957.0319462
1789139962.9888105
1789139963.9111588
1789139968.7459037
1789139969.7640572
1789139975.5720856
1789139976.8804932
1789139979.147266
1789139981.4877896
1789139982.6177156
1789139986.4793675
1789139987.7017562
1789139989.1717927
1789139991.2292926
1789139992.4140067
1789139993.528548
1789139994.1799088
1789139996.869122
1789139998.6538188
1789140001.4234116
1789140002.0642416
1789140003.088514
1789140003.7527
1789140004.0496027
1789140006.679795
1789140007.0977676
1789140007.9158828
1789140020.3513355
1789140046.2206407
1789140049.3380408
1789140050.3438904
1789140052.8632057
1789140054.3500118
1789140055.8464742
1789140056.7508779
1789140057.5999548
1789140059.0946667
1789140063.5125537
1789140064.9308283
1789140069.7983785
1789140074.7845511
1789140080.1089246
1789140087.4627805
1789140099.996556
1789140100.9729671
1789140101.5582683
1789140102.5099986
1789140130.0282235
1789140143.908366
1789140145.9924276
1789140151.4387712
1789140151.794018
1789140157.6864865
1789140158.1423519
1789140166.097311
1789140171.4930975
1789140173.4650724
1789140178.0775487
1789140181.6868558
1789140191.227213
1789140193.910235
1789140194.1496675
1789140198.485899
1789140201.5190864
1789140204.89667
1789140209.815219
1789140222.9225523
1789140231.3709795
1789140237.7786005
1789140238.5058646
1789140240.2353692
1789140241.473237
1789140242.825431
1789140243.7842379
1789140250.7183645
1789140252.750238
1789140255.614051
1789140257.3977013
1789140258.5669947
1789140268.7218876
1789140271.705724
1789140272.613958
1789140276.165087
1789140279.4892836
1789140283.4333813
1789140284.8829067
1789140288.4214354
1789140289.0340297
1789140289.8740005
1789140290.2562308
1789140290.943701
1789140291.7825358
1789140293.3658087
1789140298.4965036
1789140301.4805906
1789140301.8519056
1789140302.7445376
1789140313.6240587
1789140328.3961587
1789140330.1999342
1789140334.3056984
1789140338.7461557
1789140339.4021924
1789140344.5720344
1789140365.9314811
1789140379.91783
1789140380.296378
1789140381.5644054
1789140396.4216857
1789140401.441706
1789140413.5386915
1789140414.9022624
1789140429.3822796
1789140433.3437583
1789140437.927627
1789140460.101756
1789140460.427471
1789140460.7618282
1789140476.2059963
1789140476.6149967
1789140479.573882
1789140480.9692612
1789140482.5825996
1789140483.8595908
1789140485.89236
1789140487.5050678
1789140489.6944065
1789140493.7746732
1789140524.917422
1789140525.6268334
1789140526.0117986
1789140537.9299607
1789140545.1959941
1789140546.3548071
1789140546.5003805
1789140547.0973074
1789140547.7607296
1789140548.0697463
1789140548.9967062
1789140552.2261689
1789140574.3581436
1789140588.5007043
1789140602.0677974
1789140603.5047722
1789140623.7894754
1789140627.9370532
1789140630.1623342
1789140630.5306296
1789140634.0060174
1789140635.58407
1789140643.9446104
1789140645.1712358
1789140647.3847833
1789140647.9854708
1789140650.4255273
1789140652.4305828
1789140653.7976768
1789140656.386977
1789140658.5109456
1789140663.3824592
1789140675.7777681
1789140676.6884127
1789140679.2704043
1789140691.5379927
1789140693.1812727
1789140695.28018
1789140708.9580317
1789140710.531908
1789140716.5377536
1789140739.9298072
1789140755.5912547
1789140755.9646661
1789140762.8413813
1789140764.025885
1789140765.4543078
1789140769.834842
1789140773.2022195
1789140775.734719
1789140780.8340752
1789140783.835451
1789140784.1339633
1789140784.7772672
1789140785.9699817
1789140790.9324403
1789140804.194994
1789140805.14598
1789140810.1518192
1789140812.0590825
1789140825.2385564
1789140825.873106
1789140826.8622487
1789140833.0721312
1789140842.4714785
1789140855.2942128
1789140855.9963794
1789140857.9294488
1789140859.0868146
1789140871.9843128
1789140874.0040128
1789140887.8100402
1789140889.5655146
1789140890.6223319
1789140913.95425
1789140919.6385403
1789140920.5680437
1789140920.976326
1789140921.882719
1789140942.248301
1789140944.140564
1789140946.9426336
1789140948.5299466
1789140952.1557763
1789140964.8773878
1789140970.2099602
1789140971.1632173
1789140986.2517626
1789141000.039881
1789141012.3093488
1789141013.7194052
1789141027.2800162
1789141034.006144
1789141038.9349918
1789141049.0678313
1789141053.6901698
1789141055.2320058
1789141059.8924453
1789141077.4175649
1789141079.230623
1789141093.6445582
1789141093.984857
1789141094.504802
1789141094.776612
1789141095.506869
1789141096.187506
1789141118.7618732
1789141131.353122
1789141151.4236004
1789141158.6180732
1789141160.0404348
1789141161.0382729
1789141162.017637
1789141162.9906678
1789141168.5226731
1789141173.5556245
1789141180.9403083
1789141181.4211943
1789141201.1169038
1789141206.924592
1789141212.8787727
1789141213.8362381
1789141232.3887646
1789141232.7694452
1789141251.6539853
1789141251.960054
1789141253.9737508
1789141254.2747276
1789141255.8602042
1789141256.4745307
1789141273.9759173
1789141285.8509154
1789141302.1745114
1789141311.2346675
1789141313.2594101
1789141330.211274
1789141346.0557976
1789141350.7009993
1789141367.209292
1789141367.8653755
1789141375.990447
1789141376.8191123
1789141378.9222538
1789141381.259719
1789141382.2325478
1789141382.8486319
1789141395.2052546
1789141397.2668738
1789141406.041422
1789141411.5536094
1789141413.0559683
1789141439.4730568
1789141441.1512566
1789141454.421878
1789141467.2998464
1789141468.677898
1789141481.8121023
1789141507.441373
1789141507.8289528
1789141526.1304255
1789141533.494411
1789141534.8616636
1789141535.7712245
1789141536.4262428
1789141537.074466
1789141544.9163365
1789141545.2851007
1789141545.6325727
1789141545.9524555
1789141557.8453314
1789141559.981491
1789141578.5782778
1789141580.8836653
1789141582.6481676
1789141582.9724674
1789141583.8737023
1789141584.4899633
1789141586.4284718
1789141590.7139752
1789141591.7552032
1789141599.7325323
1789141604.3010309
1789141604.9504845
1789141605.3659375
1789141620.6662889
1789141620.9518144
1789141623.1275706
1789141628.711037
1789141633.7145677
1789141634.5629323
1789141639.789389
1789141640.7879162
1789141648.721637
1789141649.060937
1789141655.4327836
1789141656.575036
1789141664.6674743
1789141666.1700952
1789141670.9720664
1789141671.9069562
1789141672.9550219
1789141704.579704
1789141725.1194444
1789141726.4997687
1789141752.4755695
1789141753.3898623
1789141754.1412194
1789141755.2792976
1789141757.0858614
1789141757.7561653
1789141759.7360675
1789141761.4472244
1789141762.3977573
1789141767.282778
1789141767.6001344
1789141768.6606748
1789141780.646881
1789141800.592435
1789141801.288061
1789141802.3829756
1789141829.6385894
1789141855.916202
1789141856.4693747
1789141859.6128323
1789141864.2799737
1789141865.4106243
1789141866.3039196
1789141867.193463
1789141879.6166027
1789141884.2764213
1789141896.555884
1789141904.0238605
1789141907.9767523
1789141910.479892
1789141911.2004566
1789141923.4008822
1789141923.6779408
1789141924.6209152
1789141937.437837
1789141939.1586096
1789141940.7488103
1789141952.5045474
1789141954.0709755
1789141979.1160874
1789141990.75481
1789141991.100026
1789141992.8760796
1789141994.4365306
1789141995.5110493
1789141995.9891167
1789141998.2559018
1789142003.8255615
1789142004.7470868
1789142010.2842839
1789142011.5163574
1789142012.7437148
1789142014.3752732
1789142017.3231063
1789142018.5961368
1789142026.438401
1789142030.169834
1789142033.194643
1789142033.935406
1789142034.984894
1789142036.1331565
1789142037.732496
1789142038.5416105
1789142047.9128468
1789142048.3105514
1789142049.888235
1789142060.0687149
1789142062.912912
1789142063.7752047
1789142072.3374925
1789142074.9952345
1789142075.699042
1789142079.214969
1789142080.337891
1789142081.0461848
1789142083.0523934
1789142084.3864424
1789142087.9257073
1789142093.9793437
1789142095.2886848
1789142096.4020326
1789142102.4505332
1789142103.564011
1789142103.6884892
1789142105.3244262
1789142112.9283514
1789142115.5010836
1789142118.914336
1789142119.5620608
1789142119.8420293
1789142120.513544
1789142121.2241082
1789142128.1960838
1789142128.5259058
1789142129.4389594
1789142133.7391987
1789142152.8004253
1789142155.6931717
1789142160.6911027
1789142161.129207
1789142161.6966465
1789142162.340657
1789142164.1423752
1789142165.3270278
1789142181.3221438
1789142181.605047
1789142189.6766932
1789142189.8902428
1789142191.2551143
1789142191.9625065
1789142192.2811964
1789142193.0151606
1789142194.4041185
1789142196.8197606
1789142197.698849
1789142233.387834
1789142246.1154265
1789142246.9195142
1789142251.3733354
1789142252.1014752
1789142252.5245926
1789142253.0807943
1789142253.756137
1789142257.8530517
1789142285.273809
1789142291.4532475
1789142305.9288764
1789142306.6179328
1789142307.5561864
1789142308.1700025
1789142326.1459596
1789142327.4027672
1789142331.9876585
1789142348.1856568
1789142350.2546978
1789142350.9747684
1789142358.343554
1789142358.7819393
1789142364.3636
1789142366.578674
1789142366.876264
1789142369.597568
1789142372.877103
1789142373.9894695
1789142374.5371635
1789142375.193999
1789142380.0237904
1789142381.431748
1789142382.4392226
1789142383.962722
1789142384.9191136
1789142388.0070736
1789142390.9224322
1789142391.3323107
1789142391.7551813
1789142392.4841883
1789142394.3515265
1789142395.8935502
1789142398.3642368
1789142406.8283796
1789142414.881727
1789142419.670379
1789142420.927655
1789142424.070215
1789142428.0351093
1789142428.9452326
1789142435.3132465
1789142438.1497822
1789142439.10587
1789142440.3715854
1789142441.3838344
1789142443.7361193
1789142445.5753603
1789142446.8671982
1789142448.0536413
1789142450.0835657
1789142451.4050114
1789142456.4917865
1789142459.134319
1789142460.0230367
1789142460.6027956
1789142461.7320716
1789142462.6651936
1789142463.548787
1789142464.65007
1789142465.543096
1789142467.2710261
1789142468.2212512
1789142479.8979776
1789142481.0818317
1789142488.830986
1789142494.9196787
1789142496.4788628
1789142497.415734
1789142501.8791628
1789142512.673635
1789142535.9214025
1789142536.687485
1789142544.7172692
1789142545.3748279
1789142546.0167396
1789142553.15326
1789142554.628674
1789142554.9949405
1789142555.731669
1789142555.9509737
1789142557.0841339
1789142563.7579126
1789142567.6595764
1789142569.298324
1789142569.6210873
1789142570.076021
1789142570.4953687
1789142596.8364959
1789142597.4526117
1789142597.8624587
1789142600.0667653
1789142600.6525953
1789142601.128919
1789142633.3369238
1789142633.7024307
1789142650.5020523
1789142650.8425019
1789142652.0459387
1789142658.3161707
1789142659.6220994
1789142661.2249913
1789142662.5383143
1789142663.7509177
1789142696.870534
1789142709.3984482
1789142709.9943979
1789142711.0673454
1789142712.042998
1789142713.0862617
1789142713.682875
1789142715.6338358
1789142731.103307
1789142755.5279255
1789142777.8317783
1789142782.6462383
1789142783.0027292
1789142783.3062487
1789142791.6447103
1789142794.4836261
1789142795.1769435
1789142806.752908
1789142810.0819097
1789142817.249282
1789142844.4819417
1789142845.0223615
1789142845.6579337
1789142845.9684517
1789142859.963863
1789142873.8180485
1789142907.1810231
1789142908.8172498
1789142913.7934203
1789142915.5389497
1789142916.8398614
1789142933.6053278
1789142936.5895972
1789142937.7346265
1789142938.9648397
1789142940.262262
1789142946.1155863
1789142955.8732052
1789142956.3524096
1789142957.296864
1789142959.8484511
1789142960.9534452
1789142965.9292784
1789142991.8436928
1789142999.9799545
1789143000.4544275
1789143012.4550455
1789143013.9275706
1789143026.2176805
1789143027.673741
1789143028.633608
1789143032.7759936
1789143044.540715
1789143069.4709878
1789143084.7914312
1789143124.0359912
1789143125.2392454
1789143167.6320317
1789143169.382282
1789143221.4878542
1789143228.2683327
1789143247.0016143
1789143247.6037955
1789143252.2318914
1789143252.8220031
1789143258.0925555
1789143259.0831225
1789143299.4532263
1789143312.7572463
1789143313.0787928
1789143313.673389
1789143318.380346
1789143318.6945212
1789143321.8621194
1789143323.2354
1789143324.0982842
1789143325.0304658
1789143333.8730705
1789143334.099711
1789143334.9564595
1789143335.1980147
1789143336.5757885
1789143345.7349777
1789143348.5920587
1789143349.1166456
1789143349.7093344
1789143350.7246566
1789143353.233566
1789143366.397122
1789143379.8823175
1789143393.0477698
1789143397.310276
1789143399.0791907
1789143400.6338606
1789143405.3980515
1789143406.4184856
1789143424.2468553
1789143425.3959198
1789143433.6460652
1789143436.2746127
1789143477.5419798
1789143479.0780928
1789143488.4626312
1789143488.7357488
1789143489.0061486
1789143489.299082
1789143490.200243
1789143504.553198
1789143505.3107796
1789143505.5255563
1789143506.8716242
1789143507.0726798
1789143507.6806448
1789143508.4163356
1789143508.7066648
1789143509.3956249
1789143520.8796256
1789143522.6618717
1789143524.4355445
1789143524.7442887
1789143525.1535532
1789143525.5586545
1789143526.2762153
1789143526.694323
1789143526.9613385
1789143527.3638754
1789143527.7258673
1789143529.2398472
1789143544.1855667
1789143544.8097541
1789143571.2396462
1789143572.4048214
1789143573.3222554
1789143579.264772
1789143579.626585
1789143608.354281
1789143616.2670858
1789143617.5156198
1789143618.2975347
1789143630.8079808
1789143642.857727
1789143644.3213055
1789143644.6793058
1789143644.9939988
1789143645.3761103
1789143645.764954
1789143674.220562
1789143675.646895
1789143676.0753539
1789143681.074906
1789143682.190463
1789143696.0950408
1789143697.6124527
1789143703.7993097
1789143718.2887073
1789143719.3230844
1789143719.8129842
1789143721.630007
1789143721.9273965
1789143735.8345554
1789143765.5233269
1789143777.9292543
1789143778.6645527
1789143778.9742382
1789143779.8223975
1789143780.1002011
1789143806.8418593
1789143813.9989212
1789143838.208754
1789143838.88043
1789143844.833112
1789143857.9733958
1789143859.0712311
1789143859.9650788
1789143871.5345607
1789143873.3141866
1789143885.9517384
1789143887.9954934
1789143891.0629015
1789143918.7176704
1789143919.310811
1789143933.2931802
1789143945.0991669
1789143949.8291721
1789143950.1393723
1789143966.6542232
1789143972.3046722
1789143974.189752
1789143988.652177
1789143989.6168773
1789144002.4071286
1789144003.2650688
1789144006.2805908
1789144006.6423516
1789144035.528436
1789144035.8154397
1789144036.6756604
1789144042.936292
1789144045.2657385
