CONTINUATION FROM SESSION: logs\2026-09-12_01-18
----------------------------------------------------------------------------------------------------
start time: 12-09-2026 01:20:30 | end time: 12-09-2026 03:29:25 | duration: 02:08:55
runs: 2000; brain updates: 126
Skill Name           | True Positive   | True Negative   | false Positive  | false Negative  | Total          
----------------------------------------------------------------------------------------------------
Start                | 431             | 65              | 307             | 40              | 843       
Find_the_Door        | 536             | 0               | 448             | 0               | 984       
Aproach_the_Door     | 65              | 304             | 203             | 46              | 618       
Open_the_Door        | 71              | 457             | 38              | 5               | 571       
Find_the_Goal        | 73              | 497             | 72              | 18              | 660       
Aproach_the_Goal     | 7               | 276             | 38              | 14              | 335       
Finish               | 10              | 3990            | 36              | 0               | 4036      
----------------------------------------------------------------------------------------------------
----------------------------------------------------------------------------------------------------
Test                 | Plan Length     | Steps Executed  | Last Action     | Duration [s]    | Result         
1                    | 4               | 2               | Find_the_Door   | 1.927           | 0         
2                    | 0               | 0               | -               | 1.074           | 0         
3                    | 4               | 1               | Start           | 1.290           | 0         
4                    | 4               | 0               | Start           | 1.289           | 0         
5                    | 4               | 0               | Start           | 1.294           | 0         
6                    | 4               | 2               | Find_the_Door   | 3.505           | 0         
7                    | 4               | 0               | Find_the_Door   | 1.301           | 0         
8                    | 4               | 0               | Find_the_Door   | 1.341           | 0         
9                    | 0               | 0               | -               | 1.110           | 0         
10                   | 0               | 0               | -               | 1.061           | 0         
11                   | 0               | 0               | -               | 1.064           | 0         
12                   | 0               | 0               | -               | 1.063           | 0         
13                   | 4               | 2               | Find_the_Door   | 1.524           | 0         
14                   | 4               | 0               | Find_the_Door   | 1.261           | 0         
15                   | 4               | 2               | Find_the_Door   | 1.508           | 0         
16                   | 4               | 0               | Find_the_Door   | 1.367           | 0         
17                   | 4               | 1               | Start           | 1.369           | 0         
18                   | 0               | 0               | -               | 1.086           | 0         
19                   | 0               | 0               | -               | 1.065           | 0         
20                   | 0               | 0               | -               | 1.066           | 0         
21                   | 0               | 0               | -               | 1.056           | 0         
22                   | 0               | 0               | -               | 1.054           | 0         
23                   | 4               | 1               | Start           | 1.370           | 0         
24                   | 4               | 0               | Start           | 1.273           | 0         
25                   | 0               | 0               | -               | 1.060           | 0         
26                   | 4               | 2               | Find_the_Door   | 3.722           | 0         
27                   | 0               | 0               | -               | 1.056           | 0         
28                   | 4               | 2               | Find_the_Door   | 1.501           | 0         
29                   | 4               | 0               | Find_the_Door   | 1.344           | 0         
30                   | 4               | 2               | Find_the_Door   | 1.824           | 0         
31                   | 4               | 1               | Start           | 1.348           | 0         
32                   | 0               | 0               | -               | 1.058           | 0         
33                   | 0               | 0               | -               | 1.063           | 0         
34                   | 0               | 0               | -               | 1.083           | 0         
35                   | 4               | 1               | Start           | 1.380           | 0         
36                   | 0               | 0               | -               | 1.070           | 0         
37                   | 4               | 0               | -               | 1.288           | 0         
38                   | 4               | 2               | Find_the_Door   | 1.886           | 0         
39                   | 4               | 1               | Start           | 1.369           | 0         
40                   | 0               | 0               | -               | 1.065           | 0         
41                   | 0               | 0               | -               | 1.058           | 0         
42                   | 0               | 0               | -               | 1.077           | 0         
43                   | 0               | 0               | -               | 1.077           | 0         
44                   | 4               | 1               | Start           | 1.366           | 0         
45                   | 4               | 0               | Start           | 1.313           | 0         
46                   | 4               | 1               | Start           | 1.368           | 0         
47                   | 4               | 1               | Start           | 1.362           | 0         
48                   | 4               | 2               | Find_the_Door   | 3.554           | 0         
49                   | 0               | 0               | -               | 1.061           | 0         
50                   | 0               | 0               | -               | 1.055           | 0         
51                   | 4               | 2               | Find_the_Door   | 3.553           | 0         
52                   | 4               | 2               | Find_the_Door   | 1.918           | 0         
53                   | 4               | 2               | Find_the_Door   | 1.960           | 0         
54                   | 4               | 2               | Find_the_Door   | 2.001           | 0         
55                   | 4               | 0               | Find_the_Door   | 1.321           | 0         
56                   | 0               | 0               | -               | 1.058           | 0         
57                   | 4               | 0               | -               | 1.358           | 0         
58                   | 0               | 0               | -               | 1.066           | 0         
59                   | 0               | 0               | -               | 1.077           | 0         
60                   | 0               | 0               | -               | 1.087           | 0         
61                   | 0               | 0               | -               | 1.059           | 0         
62                   | 4               | 0               | -               | 1.295           | 0         
63                   | 0               | 0               | -               | 1.076           | 0         
64                   | 0               | 0               | -               | 1.072           | 0         
65                   | 0               | 0               | -               | 1.067           | 0         
66                   | 4               | 2               | Find_the_Door   | 1.904           | 0         
67                   | 4               | 2               | Find_the_Door   | 1.837           | 0         
68                   | 0               | 0               | -               | 1.064           | 0         
69                   | 4               | 1               | Start           | 1.375           | 0         
70                   | 0               | 0               | -               | 1.059           | 0         
71                   | 4               | 2               | Find_the_Door   | 2.021           | 0         
72                   | 0               | 0               | -               | 1.073           | 0         
73                   | 4               | 0               | -               | 1.271           | 0         
74                   | 4               | 2               | Find_the_Door   | 3.528           | 0         
75                   | 4               | 2               | Find_the_Door   | 3.604           | 0         
76                   | 4               | 2               | Find_the_Door   | 3.594           | 0         
77                   | 4               | 0               | Find_the_Door   | 1.259           | 0         
78                   | 4               | 2               | Find_the_Door   | 3.692           | 0         
79                   | 0               | 0               | -               | 1.070           | 0         
80                   | 4               | 1               | Start           | 1.370           | 0         
81                   | 0               | 0               | -               | 1.076           | 0         
82                   | 4               | 1               | Start           | 1.318           | 0         
83                   | 0               | 0               | -               | 1.116           | 0         
84                   | 4               | 1               | Start           | 1.317           | 0         
85                   | 0               | 0               | -               | 1.107           | 0         
86                   | 4               | 1               | Start           | 1.355           | 0         
87                   | 0               | 0               | -               | 1.085           | 0         
88                   | 0               | 0               | -               | 1.065           | 0         
89                   | 4               | 1               | Start           | 1.329           | 0         
90                   | 4               | 0               | Start           | 1.304           | 0         
91                   | 4               | 1               | Start           | 1.395           | 0         
92                   | 0               | 0               | -               | 1.083           | 0         
93                   | 4               | 1               | Start           | 1.341           | 0         
94                   | 0               | 0               | -               | 1.077           | 0         
95                   | 4               | 1               | Start           | 1.335           | 0         
96                   | 0               | 0               | -               | 1.043           | 0         
97                   | 4               | 1               | Start           | 1.344           | 0         
98                   | 0               | 0               | -               | 1.064           | 0         
99                   | 4               | 1               | Start           | 1.383           | 0         
100                  | 4               | 1               | Start           | 1.360           | 0         
tests: 100, successes: 0
