1789168831.6984324
1789168831.9474711
1789168832.719893
1789168838.8096614
1789168839.8527775
1789168840.4872673
1789168841.2891643
1789168841.6604054
1789168842.0793405
1789168842.7210684
1789168843.324465
1789168847.9001415
1789168848.7698548
1789168853.2665186
1789168853.923418
1789168857.0163603
1789168865.938567
1789168872.96393
1789168914.3527691
1789168914.6530962
1789168915.7305968
1789168916.8047004
1789168917.2689936
1789168922.8542142
1789168928.117916
1789168937.8169897
1789168943.6186373
1789168949.4784105
1789168949.6730835
1789168962.2677405
1789168963.0016484
1789168963.3368697
1789168963.7894523
1789168970.7450814
1789168971.0320458
1789168976.515526
1789168979.0282488
1789168986.0648851
1789168986.5616364
1789168993.51002
1789169012.3215466
1789169015.6485431
1789169016.5818193
1789169019.3312507
1789169019.711951
1789169021.8108275
1789169023.01102
1789169025.0908518
1789169029.5788395
1789169031.6088502
1789169038.8642652
1789169047.6334155
1789169049.9079497
1789169071.3967001
1789169073.4471977
1789169076.7899003
1789169078.56012
1789169080.2132213
1789169082.0408866
1789169083.7403135
1789169089.0589848
1789169103.996823
1789169104.7993844
1789169105.5689027
1789169106.3756087
1789169125.108641
1789169125.3789058
1789169134.176346
1789169140.0577388
1789169143.63747
1789169147.185878
1789169147.7669258
1789169149.9711556
1789169157.9373431
1789169166.9421778
1789169176.8007133
1789169184.4197514
1789169189.8073466
1789169206.8833888
1789169209.1454647
1789169215.149728
1789169216.6774461
1789169218.1759949
1789169226.268024
1789169229.907233
1789169237.6194339
1789169238.7519534
1789169239.0333009
1789169245.8983564
1789169259.102422
1789169268.6570544
1789169269.442543
1789169272.7619271
1789169282.0241218
1789169283.178296
1789169289.1059942
1789169289.6040974
1789169297.4855118
1789169320.4368374
1789169327.5020838
1789169330.6544611
1789169331.1171157
1789169344.425618
1789169345.230657
1789169370.7515798
1789169371.0744545
1789169377.4118505
1789169378.6107287
1789169379.212438
1789169379.6024292
1789169380.8096435
1789169381.1998465
1789169388.5576184
1789169410.0809274
1789169412.1697202
1789169412.6799474
1789169420.614263
1789169421.2663846
1789169427.391134
1789169428.249211
1789169439.6030204
1789169452.3561206
1789169453.3796175
1789169465.3119597
1789169483.578763
1789169485.4187574
1789169485.6946902
1789169491.4363341
1789169495.9217322
1789169502.1443167
1789169505.0258956
1789169508.862564
1789169515.488116
1789169517.6098135
1789169520.1121116
1789169524.3719654
1789169534.7920117
1789169541.0141964
1789169544.5674937
1789169544.8223305
1789169550.120201
1789169551.7298644
1789169554.779414
1789169559.143278
1789169559.3535793
1789169564.4388669
1789169567.543601
1789169573.0939488
1789169585.150163
1789169586.134295
1789169592.126103
1789169614.0010962
1789169618.9539716
1789169621.1997876
1789169632.8114035
1789169637.4737236
1789169638.876154
1789169639.4674387
1789169644.4318764
1789169652.1002488
1789169659.7481325
1789169665.9227996
1789169672.238247
1789169674.4675186
1789169682.331541
1789169687.4704416
1789169691.8754578
1789169692.122523
1789169692.7201421
1789169704.5155928
1789169712.076934
1789169746.1586514
1789169747.4726195
1789169755.3408477
1789169780.9771318
1789169781.5534499
1789169786.325904
1789169792.098315
1789169797.8653696
1789169815.1150968
1789169816.0494616
1789169816.5300539
1789169822.2310112
1789169823.4083633
1789169824.7482986
1789169825.8363109
1789169848.4262466
1789169849.427084
1789169849.7166383
1789169855.222428
1789169889.628891
1789169905.0002813
1789169911.4085534
1789169911.725019
1789169914.7046208
1789169915.8607583
1789169916.818471
1789169922.8713691
1789169923.409759
1789169929.1404626
1789169934.4596167
1789169941.564703
1789169944.4476373
1789169945.0045002
1789169957.5124142
1789169963.928747
1789169967.2824016
1789169974.9382684
1789169976.1686213
1789169976.57523
1789169977.4621365
1789169979.6116242
1789169980.7607822
1789169992.862968
1789169993.1155276
1789170005.6894352
1789170007.067363
1789170007.5739126
1789170008.4302528
1789170009.7786424
1789170011.6394615
1789170018.8302648
1789170027.1963341
1789170031.9481883
1789170033.0838156
1789170040.462649
1789170041.0631914
1789170047.7514412
1789170048.7428954
1789170050.4365597
1789170054.0068552
1789170058.0247917
1789170059.2657087
1789170060.4368067
1789170074.297801
1789170075.1213276
1789170076.725735
1789170078.923718
1789170082.0972514
1789170082.7096496
1789170088.7530832
1789170099.3213475
1789170099.7813783
1789170100.6685925
1789170113.5063543
1789170128.0479727
1789170143.212201
1789170157.1899042
1789170159.166841
1789170161.835681
1789170163.3229537
1789170164.5247376
1789170164.809294
1789170165.1881344
1789170170.469418
1789170176.2731495
1789170177.0560305
1789170178.8915448
1789170183.2836215
1789170196.3521192
1789170199.5956976
1789170210.6273315
1789170210.8823044
1789170218.4490955
1789170225.1839647
1789170228.6796863
1789170233.6415608
1789170234.0531857
1789170240.1438417
1789170244.8891916
1789170245.9077382
1789170246.4093714
1789170246.6613512
1789170277.0451005
1789170283.7588344
1789170295.476091
1789170295.714046
1789170306.6100671
1789170313.7575788
1789170328.3588881
1789170331.5226152
1789170331.817951
1789170337.6260693
1789170343.9388888
1789170345.654864
1789170348.642586
1789170349.2206037
1789170350.1257522
1789170350.4520786
1789170360.3616872
1789170361.9349625
1789170370.6550372
1789170378.1633754
1789170384.0070655
1789170396.4409382
1789170402.5376294
1789170414.9845676
1789170415.5503027
1789170416.2937496
1789170423.2717242
1789170428.2266698
1789170428.4703286
1789170446.760765
1789170483.9829926
1789170497.1797535
1789170510.4443293
1789170522.4174514
1789170523.415044
1789170524.0941076
1789170524.552206
1789170537.074768
1789170542.4013834
1789170544.5440338
1789170546.6467333
1789170547.0783012
1789170548.1154363
1789170553.7350154
1789170555.097144
1789170564.99705
1789170565.5692103
1789170566.3026204
1789170576.940172
1789170581.6404579
1789170587.0444713
1789170591.5793486
1789170598.7999287
1789170599.385286
1789170608.0851116
1789170609.2619395
1789170616.001155
1789170628.4479163
1789170628.905797
1789170630.7615397
1789170631.996209
1789170636.403618
1789170642.3674994
1789170643.7668009
1789170644.698062
1789170645.5317225
1789170650.4149249
1789170653.0587435
1789170654.2041955
1789170686.1318712
1789170698.998521
1789170705.598404
1789170706.2012177
1789170706.518993
1789170712.1944845
1789170712.464672
1789170717.6544397
1789170722.0234985
1789170729.6085327
1789170731.7951157
1789170733.2255287
1789170738.551849
1789170750.3134875
1789170753.0100963
1789170760.6531296
1789170763.4274013
1789170763.9665751
1789170764.679646
1789170766.0392692
1789170769.9231284
1789170780.3615756
1789170787.907582
1789170794.312714
1789170810.852874
1789170829.8066947
1789170835.2055318
1789170836.3540654
1789170840.0492902
1789170848.4548182
1789170854.7425919
1789170855.9506705
1789170856.12911
1789170861.334942
1789170865.9359608
1789170882.93038
1789170896.9470134
1789170919.8271086
1789170922.0683653
1789170939.5782418
1789170973.8522925
1789170976.5731244
1789170980.392573
1789170990.9085908
1789171000.275829
1789171005.6407282
1789171009.3009436
1789171015.6486318
1789171021.773386
1789171023.7989879
1789171025.064789
1789171032.5567892
1789171033.2730105
1789171033.5798407
1789171034.1128147
1789171041.4587674
1789171051.6073015
1789171060.6066165
1789171063.688439
1789171064.8796232
1789171067.9345603
1789171070.9296927
1789171080.9797814
1789171084.364271
1789171097.002791
1789171108.9154892
1789171116.6973054
1789171117.3851683
1789171120.3098724
1789171121.382112
1789171123.9626849
1789171125.0656466
1789171126.9074173
1789171129.4907863
1789171132.6692834
1789171156.6402268
1789171161.2324457
1789171171.0440452
1789171185.5816753
1789171192.819235
1789171205.254035
1789171205.5719638
1789171212.0896
1789171218.4647944
1789171219.6524537
1789171228.129246
1789171233.7648973
1789171242.4984374
1789171247.4139779
1789171249.068427
1789171251.898703
1789171257.7870476
1789171259.988389
1789171271.3433826
1789171288.6985319
1789171294.0863671
1789171299.968267
1789171319.5937355
1789171326.2900856
1789171327.3951144
1789171331.971675
1789171335.5390472
1789171335.8862212
1789171337.69595
1789171338.892119
1789171345.621329
1789171346.253363
1789171346.5821407
1789171358.1035259
1789171368.3816016
1789171391.9479818
1789171398.9917908
1789171401.819705
1789171410.1560013
1789171412.848379
1789171420.7685964
1789171427.2464314
1789171428.4065056
1789171430.146066
1789171430.5218482
1789171431.4437468
1789171444.1001832
1789171448.6542115
1789171450.4966698
1789171454.8761559
1789171459.731613
1789171461.615534
1789171468.1748955
1789171469.3163705
1789171473.9933891
1789171486.0771673
1789171499.5462086
1789171502.08905
1789171504.1049888
1789171505.6248088
1789171508.7942197
1789171512.7734692
1789171513.3299515
1789171514.4934125
1789171515.043118
1789171515.324534
1789171515.9427762
1789171516.9088595
1789171517.9252455
1789171518.301433
1789171518.873778
1789171543.0703967
1789171546.5519729
1789171547.4378426
1789171552.1539419
1789171557.8268702
1789171558.7297204
1789171564.1915743
1789171567.0731738
1789171572.8154435
1789171585.3136456
1789171598.6433566
1789171610.3945866
1789171614.119257
1789171620.8172178
1789171621.9476
1789171625.0600116
1789171636.680061
1789171657.046311
1789171658.1265514
1789171664.836379
1789171678.1060214
1789171689.1630194
1789171690.1857843
1789171707.0363624
1789171709.3481948
1789171716.9853454
1789171718.1179128
1789171719.0472965
1789171720.1637702
1789171726.310973
1789171731.8034506
1789171737.3410375
1789171741.612726
1789171745.9958253
1789171747.1720152
1789171747.2806756
1789171759.364267
1789171770.1670127
1789171780.9097486
1789171787.9111967
1789171790.7361088
1789171800.5519543
1789171808.2610478
1789171809.0803325
1789171813.6214075
1789171813.8985372
1789171820.0383916
1789171821.3678706
1789171822.2702518
1789171827.5128691
1789171827.7989407
1789171828.3177097
1789171830.1192424
1789171833.7366917
1789171842.4538164
1789171862.615045
1789171863.0901763
1789171863.5272179
1789171863.9453688
1789171864.373189
1789171865.979011
1789171883.7755883
1789171890.5173793
1789171891.6659956
1789171892.3058681
1789171898.0086226
1789171914.9228518
1789171915.127074
1789171915.7196233
1789171946.0521286
1789171948.3085523
1789171976.156532
1789172011.523839
1789172022.3619988
1789172033.8992555
1789172035.7579224
1789172036.9678752
1789172041.5263045
1789172042.7141752
1789172046.3637764
1789172050.8816888
1789172066.3734736
1789172075.320096
1789172075.8377619
1789172080.164932
1789172080.7126
1789172117.0811694
1789172124.561586
1789172138.0534613
1789172155.9324362
1789172156.3653007
1789172157.998747
1789172164.5875318
1789172169.7165046
1789172172.603049
1789172177.8010032
1789172206.914731
1789172207.9314225
1789172208.9453924
1789172240.3357482
1789172241.3262563
1789172245.556782
1789172248.6820426
1789172274.2707443
1789172275.3506577
1789172276.9388533
1789172289.7381191
1789172299.316837
1789172301.5632987
1789172304.9479206
1789172311.1075993
1789172312.2644672
1789172327.022705
1789172327.8581805
1789172328.694842
1789172345.033083
1789172357.266704
1789172358.049101
1789172378.1925364
1789172378.8776813
1789172379.6689801
1789172380.380074
1789172381.8909092
1789172400.5881433
1789172406.9518533
1789172407.9183035
1789172408.864032
1789172420.935891
1789172424.2362432
1789172440.0451891
1789172444.01403
1789172448.8937862
1789172451.407478
1789172452.3879483
1789172456.9852636
1789172463.789707
1789172495.1194959
1789172499.699207
1789172500.6166513
1789172501.2669237
1789172507.4019592
1789172508.1327255
1789172514.3837235
1789172521.345019
1789172522.4744616
1789172528.7846127
1789172533.889149
1789172546.2794504
1789172553.540118
1789172554.2998497
1789172578.9666479
1789172583.7514503
1789172585.2920213
1789172591.2054243
1789172592.0107565
1789172592.5980747
1789172593.3244612
1789172593.9154809
1789172598.9862635
1789172599.6198397
1789172600.392302
1789172605.663257
1789172606.733299
1789172613.740635
1789172619.7777097
1789172645.0898292
1789172647.356706
1789172647.828368
1789172648.4644065
1789172654.265949
1789172655.5972805
1789172656.5937986
1789172683.0924869
1789172683.9102194
1789172684.353604
1789172686.3196294
1789172687.4907246
1789172693.1295779
1789172706.176657
1789172710.561634
1789172711.6996922
1789172711.8484104
1789172713.3074625
1789172713.6557717
1789172719.0148695
1789172721.8851612
1789172729.0566118
1789172729.6585088
1789172735.54117
1789172737.5704978
1789172744.0123158
1789172752.6026149
1789172753.9122777
1789172756.5975227
1789172773.5496182
1789172774.0532157
1789172787.567381
1789172791.4165375
1789172801.2356503
1789172803.0630019
1789172803.5944726
1789172810.4377227
1789172855.6829395
1789172857.4796243
1789172858.1150105
1789172865.1495001
1789172865.6831324
1789172866.155711
1789172872.393838
1789172873.1336474
1789172874.3192012
1789172874.9932318
1789172875.9697762
1789172876.3431344
1789172888.315454
1789172888.7444296
1789172889.0854356
1789172896.7135317
1789172931.7469065
1789172943.3641887
1789172944.336223
1789172946.3832622
1789172949.872535
1789172956.0108736
1789172957.1103685
1789172957.9259708
1789172959.0331976
1789172970.3679042
1789172989.5085802
1789173009.6312118
1789173009.9275715
1789173011.3593645
1789173019.0081377
1789173024.800102
1789173029.9022017
1789173034.522784
1789173041.251772
1789173041.6288342
1789173048.7801647
1789173054.9954076
1789173071.5244067
1789173072.56769
1789173073.7285118
1789173092.590368
1789173118.8003376
1789173126.990454
1789173143.256693
1789173148.6424942
1789173155.0874383
1789173157.3085668
1789173162.555412
1789173170.6330163
1789173175.1395888
1789173176.2709727
1789173183.2630024
1789173217.7995725
1789173224.255274
1789173251.8566413
1789173269.276429
1789173275.825107
1789173276.1543632
1789173291.7529879
1789173297.4553688
1789173322.7784042
1789173323.9073362
1789173330.3865154
1789173331.4482236
1789173343.016362
1789173354.2937682
1789173359.48997
1789173360.932472
1789173382.457739
1789173383.8466547
1789173389.6549122
1789173400.190861
1789173400.5210292
1789173401.155915
1789173406.1592572
1789173415.4787774
1789173415.8313024
1789173416.5395238
1789173416.8865352
1789173418.2896628
1789173418.6841445
1789173419.0197663
1789173433.3513815
1789173463.9116354
1789173473.238845
1789173476.0029492
1789173490.0948563
1789173491.5761685
1789173497.0223703
1789173499.1100423
1789173513.841011
1789173525.5252755
1789173526.0220735
1789173545.909908
1789173561.448833
1789173567.2416418
1789173577.591103
1789173584.7800853
1789173596.595389
1789173604.7816863
1789173605.4045796
1789173605.799675
1789173606.4481528
1789173606.8311017
1789173607.530204
1789173608.5368013
1789173614.8853614
1789173615.6258223
1789173616.6223185
1789173623.5484815
1789173627.5081587
1789173634.1971061
1789173650.119275
1789173658.005863
1789173658.8825502
1789173665.6318338
1789173666.1906097
1789173666.4392078
1789173672.453864
1789173723.7989879
1789173727.0246017
1789173727.891662
1789173734.3440259
1789173738.1749055
1789173744.477942
1789173752.7438166
1789173753.8600223
1789173757.3725114
1789173765.2938604
1789173767.9632843
1789173773.7924237
1789173774.9429903
1789173775.2196486
1789173782.3598378
1789173783.233243
1789173812.6094086
1789173825.4102018
1789173830.453685
1789173847.317067
1789173854.7588484
1789173855.7985842
1789173856.137885
1789173861.173574
1789173886.6114821
1789173897.356601
1789173910.134774
1789173933.115625
1789173939.8873367
1789173951.6627614
1789173985.7190623
1789173986.7580073
1789173993.5891507
1789173994.5603878
1789174004.3184984
1789174025.1778347
1789174025.8746011
1789174036.0767996
1789174042.6566477
1789174047.8227324
1789174052.0013638
1789174053.187062
1789174056.2973144
1789174061.165151
1789174073.734967
1789174087.728704
1789174088.6898797
1789174107.133395
1789174112.4511585
1789174115.0037243
1789174125.4027045
1789174136.8741086
1789174142.5669434
1789174144.3983479
1789174145.1831536
1789174148.0645032
1789174150.5022337
1789174151.500259
1789174151.9758937
1789174152.5948424
1789174156.516832
1789174162.8641448
1789174169.7710314
1789174174.684153
1789174180.1814249
1789174192.369562
1789174197.3975012
1789174197.804841
1789174199.7751365
1789174202.9652047
1789174204.4932837
1789174205.032061
1789174216.1245873
1789174218.5724978
1789174224.685064
1789174224.9323275
1789174228.4177973
1789174242.2147853
1789174243.3528094
1789174247.4835927
1789174271.3864985
1789174297.1394837
1789174298.8509238
1789174304.407449
1789174306.6479387
1789174309.3643436
1789174324.5716782
1789174325.0457332
1789174327.0391834
1789174329.3218431
1789174338.4643703
1789174344.57306
1789174355.72817
1789174358.3966017
1789174362.0737982
1789174365.5564106
1789174366.38925
1789174370.2033808
1789174374.196974
1789174374.7390065
1789174376.5270514
1789174400.235252
1789174405.8092349
1789174411.3050957
1789174420.4154954
1789174427.086538
1789174428.0692236
1789174444.9114234
1789174445.2821612
1789174451.4760823
1789174492.4486938
1789174496.4725044
1789174497.608762
1789174498.740081
1789174499.0584219
1789174502.3493454
1789174502.6944442
1789174519.5121455
1789174530.6777296
1789174555.333992
1789174557.4251606
1789174569.9221928
1789174581.3029437
1789174598.5649462
1789174601.0333924
1789174615.356986
1789174616.2297823
1789174635.4675999
1789174646.8287604
1789174658.8620493
1789174665.8001285
1789174666.3769233
1789174667.3192296
1789174673.7493966
1789174674.2969434
1789174675.4876342
1789174676.4897742
1789174677.4508271
1789174679.5633533
1789174681.8820596
1789174683.8282173
1789174709.9158843
1789174714.5386422
1789174715.173088
1789174717.6607487
1789174719.5118184
1789174719.859824
1789174722.0779343
1789174727.2482457
1789174730.8161616
1789174735.917423
1789174741.968875
1789174751.7835865
1789174752.6973128
1789174755.3790843
1789174761.3469455
1789174762.4938195
1789174775.206986
1789174775.5066469
1789174779.9481118
1789174798.9493284
1789174799.2502086
1789174799.8470557
1789174805.1386874
1789174813.496888
1789174813.816801
1789174827.346751
1789174828.724875
1789174834.7331128
1789174842.2779095
1789174846.0038924
1789174848.2711308
1789174849.733719
1789174854.2840931
1789174859.4304163
1789174866.5992975
1789174868.4322734
1789174873.4030917
1789174874.2045782
1789174875.2386913
1789174887.2040823
1789174895.1908314
1789174906.6836562
1789174923.8513925
1789174924.9483352
1789174931.4043665
1789174938.3534918
1789174943.3770082
1789174957.3325994
1789174957.595807
1789174963.2727273
1789174967.2058709
1789174972.9831917
1789174973.27947
1789174974.625054
1789174990.8273065
1789174992.7186174
1789174993.8325982
1789174994.709975
1789174998.4436905
1789175007.3093297
1789175010.2371376
1789175012.5837593
1789175015.3911197
1789175024.138043
1789175024.238078
1789175036.4805882
1789175037.4610076
1789175037.8727334
1789175041.4624176
1789175043.538054
1789175061.6857395
1789175068.1270993
1789175068.8116248
1789175102.180826
1789175102.547783
1789175103.913301
1789175110.9030378
1789175128.4215498
1789175129.747439
1789175132.7924042
1789175137.4793696
1789175138.7744226
1789175144.0303018
1789175145.721491
1789175145.9470491
1789175164.6446068
1789175174.9846952
1789175178.2938087
1789175182.4615421
1789175188.0061607
1789175194.45585
1789175195.6081882
1789175217.8117568
1789175218.2128274
1789175235.6571689
1789175241.0328732
1789175245.0536127
1789175262.4136736
1789175267.8843803
1789175269.398761
1789175269.8065233
1789175289.33861
1789175290.8225865
1789175302.2574267
1789175302.8062823
1789175303.4330187
1789175304.7024112
1789175305.1745927
1789175311.0994408
1789175312.5298169
1789175320.1724386
1789175326.192509
1789175326.9311152
1789175356.5537114
1789175362.7808788
1789175367.4305823
1789175368.7561705
1789175375.0718586
1789175380.194951
1789175382.6476061
1789175383.1189473
1789175383.4698575
1789175388.9656587
1789175402.0133636
1789175405.4006565
1789175406.6363816
1789175409.8685856
1789175412.170774
1789175418.77073
1789175427.1023912
1789175431.748482
1789175433.2646742
1789175433.7044532
1789175440.5651932
1789175441.6787908
1789175444.2493212
1789175454.0520356
1789175454.3680696
1789175454.6792672
1789175481.2154539
1789175497.2289078
1789175505.152211
1789175522.9050875
1789175528.3422937
1789175534.4164877
1789175545.1554084
1789175547.1548724
1789175549.815872
1789175551.9722304
1789175556.3479419
1789175557.7444296
1789175559.2567604
1789175565.9811227
1789175567.1422198
1789175571.0950606
1789175576.5257635
1789175584.9699652
1789175604.4896479
1789175606.8986428
1789175609.1127477
1789175619.891795
1789175620.2113173
1789175626.6071742
1789175639.0227575
1789175640.3411863
1789175640.8637433
1789175641.3986695
1789175641.7538507
1789175653.7244494
1789175664.6703928
1789175665.5659094
1789175669.146368
1789175676.9794617
1789175686.2417433
1789175687.5580988
1789175710.9520268
1789175724.8783195
1789175729.4821534
1789175736.3967674
1789175758.466621
1789175763.557567
1789175766.0507572
1789175780.1180115
1789175785.2015648
1789175808.0981596
1789175808.3757102
1789175809.0852416
1789175809.5580873
1789175830.786037
1789175832.4990895
1789175834.3565235
1789175835.212968
1789175839.778179
1789175845.381098
1789175845.6791668
1789175846.0790963
1789175851.7819881
1789175862.1896458
1789175862.8253806
1789175864.4995441
1789175865.556457
1789175868.1693177
1789175870.975105
1789175879.680968
1789175880.1411004
1789175881.0118601
1789175881.3603592
1789175881.8079622
1789175882.6735063
1789175884.321407
1789175889.3318162
1789175890.3338728
1789175894.1335351
1789175894.5835102
1789175900.8003714
1789175901.7882757
1789175903.899362
1789175924.1680193
1789175930.0856333
1789175931.6498501
1789175937.805759
1789175952.6846125
1789175954.3958693
1789175959.9831383
1789175973.9699652
1789175975.157872
1789175975.6957617
1789175976.4433963
1789175977.0904913
1789175983.6089675
1789176001.0427432
1789176002.1221437
1789176006.6577961
1789176007.6111274
1789176008.1101017
1789176008.4358084
1789176024.2510946
1789176031.8038557
1789176032.757984
1789176040.504297
1789176052.3185296
1789176052.8447201
1789176077.2177303
1789176083.3826137
1789176088.7625065
1789176094.4297247
1789176095.1123328
1789176104.745033
1789176105.8157105
1789176117.2428567
1789176129.8204756
1789176139.1116498
1789176140.3058484
1789176141.4029977
1789176154.9050431
1789176155.7973256
1789176181.587638
1789176187.4756055
1789176193.1782227
1789176195.1632493
1789176212.4979506
1789176218.0393865
1789176225.5847194
1789176228.2330213
1789176234.1051486
1789176241.1766121
1789176242.753142
1789176258.5316527
1789176259.7709014
1789176270.3677528
1789176275.2150354
1789176275.5638468
1789176286.2704282
1789176287.2441497
1789176296.5106614
1789176303.3718033
1789176303.9439945
1789176304.365871
1789176304.7021997
1789176306.3145802
1789176313.6116123
1789176314.5527503
1789176326.0574985
1789176326.7848926
1789176342.2742984
1789176342.5518227
1789176349.5296652
1789176392.130142
1789176404.0665243
1789176410.0335593
1789176424.6463928
1789176431.6045074
1789176433.5352192
1789176439.5691476
1789176447.2840385
1789176448.8401814
1789176451.9780767
1789176452.992608
1789176453.3780065
1789176455.2095964
1789176458.8873549
1789176459.3421721
1789176466.0994315
1789176466.4974358
1789176471.5841482
1789176477.4315104
1789176478.168025
1789176485.6499724
1789176519.414576
1789176527.7771044
1789176528.5491364
1789176542.013444
1789176565.0218408
1789176565.3513966
