1789728775.437337
1789728780.1004884
1789728780.3322432
1789728780.5071406
1789728780.7686088
1789728781.7672944
1789728782.0003343
1789728782.1590192
1789728788.2583332
1789728813.1266453
1789728823.7502022
1789728841.6223311
1789728850.5214622
1789728867.831991
1789728868.438624
1789728873.553014
1789728899.7481513
1789728899.986333
1789728900.1576629
1789728901.0297499
1789728906.3690019
1789728911.1648383
1789728916.4595063
1789728916.7970753
1789728917.2509665
1789728920.6151373
1789728921.292347
1789728922.2145047
1789728923.2400823
1789728927.655252
1789728933.0994606
1789728933.861488
1789728942.9201984
1789728943.0708728
1789728947.8259985
1789728949.1543531
1789728956.782077
1789728974.9550014
1789728976.3510797
1789728977.3296208
1789728987.9656389
1789728988.7263126
1789728990.375467
1789728999.0924237
1789729003.4324353
1789729005.0741465
1789729005.3224466
1789729005.477371
1789729007.5538168
1789729013.41565
1789729019.2117
1789729019.6166615
1789729025.3484197
1789729025.893195
1789729027.2795315
1789729029.421937
1789729030.017982
1789729030.6099043
1789729032.346347
1789729034.1579406
1789729040.7411568
1789729042.1079917
1789729045.0424821
1789729046.5383306
1789729047.8214364
1789729048.0418756
1789729049.4865546
1789729051.1279285
1789729064.6274774
1789729064.7667806
1789729069.0953407
1789729077.1884534
1789729078.2008882
1789729104.4246085
1789729114.2103493
1789729114.6727057
1789729114.782249
1789729115.3653228
1789729115.4897215
1789729116.3510628
1789729119.535712
1789729123.1353056
1789729128.8730114
1789729131.0405438
1789729132.518872
1789729133.1431198
1789729133.3504012
1789729133.47336
1789729133.6591685
1789729134.162789
1789729143.5610561
1789729143.8218484
1789729147.8962188
1789729164.3894527
1789729176.7623696
1789729181.2752166
1789729181.6690223
1789729186.91584
1789729188.1490152
1789729189.8962731
1789729193.8042712
1789729194.010695
1789729194.2088044
1789729198.5327983
1789729204.4767578
1789729205.9461627
1789729206.4309719
1789729208.556186
1789729209.3239014
1789729209.4875286
1789729219.1119883
1789729220.6882737
1789729232.235598
1789729232.6921628
1789729232.8092232
1789729233.6232483
1789729234.7143826
1789729234.995272
1789729236.1422625
1789729236.5172775
1789729244.2812192
1789729248.6600544
1789729249.2018096
1789729269.253909
1789729269.6059525
1789729281.121713
1789729281.3008692
1789729285.588368
1789729296.2225628
1789729296.4840183
1789729300.236557
1789729300.396531
1789729300.6503732
1789729310.4272263
1789729310.5299978
1789729314.9924598
1789729315.3105896
1789729316.270436
1789729320.7600865
1789729321.0736842
1789729330.4190972
1789729331.7349706
1789729342.1414835
1789729342.3098404
1789729346.7812285
1789729348.3283825
1789729348.499181
1789729348.6622918
1789729349.850896
1789729353.5144799
1789729356.9939845
1789729363.3475444
1789729363.440517
1789729363.535875
1789729365.0591023
1789729365.302297
1789729365.4166186
1789729370.1921613
1789729386.267329
1789729395.2529824
1789729420.1591222
1789729423.4878953
1789729424.1816833
1789729432.3969262
1789729432.8228912
1789729465.7165952
1789729467.5497086
1789729473.2286944
1789729481.9467986
1789729482.9151905
1789729486.2944205
1789729487.0505466
1789729487.2576747
1789729491.7113938
1789729492.321416
1789729492.9718635
1789729493.2371113
1789729497.6283696
1789729498.0989966
1789729498.2824545
1789729507.7892122
1789729508.0523684
1789729508.771706
1789729508.903167
1789729509.6079977
1789729510.3190928
1789729511.2043672
1789729512.6998296
1789729517.7143137
1789729522.0641062
1789729525.4496381
1789729534.1226885
1789729543.1463752
1789729543.669287
1789729544.2541893
1789729544.3711252
1789729544.687011
1789729545.3006022
1789729545.6117194
1789729555.7745535
1789729559.2659929
1789729559.6253135
1789729560.0246854
1789729560.1368575
1789729560.2616816
1789729560.3879848
1789729573.9604301
1789729590.871029
1789729592.1023517
1789729594.0741844
1789729616.8156774
1789729621.2416477
1789729621.8668818
1789729622.5158308
1789729623.1759589
1789729633.1693547
1789729642.451277
1789729642.6987307
1789729643.7911406
1789729648.7728844
1789729656.565872
1789729656.6746788
1789729657.1087098
1789729657.5473971
1789729657.7691636
1789729662.41587
1789729663.1701941
1789729663.2917895
1789729668.1109407
1789729668.2143795
1789729671.6680295
1789729672.7196708
1789729673.1434247
1789729675.983198
1789729676.9262047
1789729677.2027388
1789729677.5684104
1789729677.7205405
1789729682.4420812
1789729686.9140236
1789729691.3725097
1789729697.3467176
1789729700.9138052
1789729701.0975103
1789729709.727181
1789729709.9641638
1789729710.2038093
1789729710.7036686
1789729711.0726333
1789729716.95636
1789729721.6817856
1789729721.885939
1789729722.2510526
1789729723.2449563
1789729726.1103823
1789729727.356722
1789729728.4676142
1789729732.263804
1789729732.401647
1789729737.2805061
1789729740.629027
1789729740.8531525
1789729746.164234
1789729748.2055795
1789729749.9035408
1789729750.7062247
1789729751.4491928
1789729756.3537173
1789729758.2384706
1789729762.7895231
1789729767.1555457
1789729773.101565
1789729774.038122
1789729774.5967274
1789729779.614697
1789729782.2017398
1789729783.969339
1789729784.276008
1789729784.452305
1789729785.136836
1789729788.819206
1789729794.204572
1789729794.4242866
1789729794.9436078
1789729797.2580767
1789729801.0557702
1789729807.8532972
1789729807.952762
1789729809.590352
1789729810.091033
1789729813.4413092
1789729813.6425505
1789729815.851385
1789729821.4934208
1789729822.0735874
1789729825.0394194
1789729826.1654131
1789729826.4590173
1789729827.8501656
1789729829.3486192
1789729841.4627755
1789729841.6964848
1789729846.5816991
1789729874.445765
1789729878.875249
1789729884.8123417
1789729884.923867
1789729885.2258015
1789729893.4546452
1789729896.2200203
1789729900.7488484
1789729901.653724
1789729901.9407134
1789729902.1391678
1789729902.3267787
1789729902.455104
1789729902.7766254
1789729903.5244653
1789729903.7944255
1789729904.1298923
1789729907.7204225
1789729907.9540606
1789729908.1442292
1789729913.1438951
1789729913.4476101
1789729913.7629745
1789729939.563998
1789729944.1143758
1789729944.539878
1789729944.868969
1789729962.025342
1789729962.304396
1789729977.8761718
1789729977.9902272
1789729978.2541044
1789729978.4573495
1789729979.2265146
1789729979.42492
1789729983.8937168
1789729984.1312232
1789729998.3029988
1789730016.16235
1789730017.5576584
1789730017.7442765
1789730021.6298494
1789730021.8279767
1789730026.9021947
1789730042.291948
1789730056.9367206
1789730057.4054666
1789730070.8841467
1789730073.2801435
1789730075.6828704
1789730075.8820539
1789730076.6359613
1789730076.7939098
1789730083.0692086
1789730084.7591527
1789730090.7887528
1789730098.5210102
1789730103.4931364
1789730103.6064694
1789730108.989608
1789730109.251195
1789730110.300283
1789730111.1279068
1789730124.5186594
1789730125.5650268
1789730143.6701312
1789730155.1821518
1789730167.9903848
1789730168.1006336
1789730168.4595323
1789730168.5706325
1789730189.1338677
1789730189.6291068
1789730189.724896
1789730189.8246226
1789730191.1307015
1789730204.7787855
1789730208.3716328
1789730208.9877648
1789730209.1883125
1789730209.384298
1789730209.7438111
1789730210.030714
1789730210.7021682
1789730220.723004
1789730221.438361
1789730235.6943233
1789730239.8980308
1789730240.1571832
1789730240.541057
1789730240.9809632
1789730241.1610916
1789730241.5676475
1789730241.6695223
1789730241.7804096
1789730241.9697654
1789730247.02691
1789730250.853562
1789730251.0883076
1789730251.4887366
1789730265.0184202
1789730265.1224096
1789730270.3434088
1789730270.8643134
1789730271.173227
1789730275.6908677
1789730276.6053178
1789730284.7886298
1789730294.0969532
1789730303.5542583
1789730308.0452063
1789730321.321976
1789730322.6476145
1789730323.4674184
1789730323.8714275
1789730328.6507776
1789730333.5583608
1789730337.4993236
1789730346.5032446
1789730355.3903205
1789730364.8272219
1789730364.9557097
1789730369.4109747
1789730372.6917462
1789730373.4894216
1789730375.9756947
1789730381.5628211
1789730385.7414696
1789730395.5518925
1789730395.9132738
1789730405.4934087
1789730410.2143593
1789730412.474493
1789730413.2670963
1789730413.9598062
1789730414.1226323
1789730415.7916598
1789730421.8113925
1789730422.6453934
1789730424.9712577
1789730425.76072
1789730425.9310484
1789730430.9636607
1789730432.6602893
1789730434.1097188
1789730434.2282898
1789730436.2077785
1789730443.7659922
1789730443.8858466
1789730444.0982058
1789730453.7828844
1789730458.7129934
1789730463.0297723
1789730463.5887506
1789730473.328666
1789730482.4634268
1789730483.0142834
1789730495.7356522
1789730496.0464551
1789730496.237396
1789730501.354685
1789730502.4602447
1789730502.965978
1789730504.130241
1789730505.7795959
1789730506.9081292
1789730510.6066961
1789730515.424643
1789730524.5259817
1789730524.630903
1789730524.8130217
1789730528.4055247
1789730533.014599
1789730533.6295447
1789730534.3702064
1789730534.5655057
1789730534.766551
1789730538.3530083
1789730540.7196763
1789730545.9495363
1789730546.0629666
1789730546.265782
1789730546.4520311
1789730550.9876726
1789730551.1011014
1789730552.0960758
1789730556.4303732
1789730574.5435357
1789730576.6791337
1789730576.9787943
1789730577.4898262
1789730579.592852
1789730579.7630088
1789730579.878741
1789730580.0597572
1789730580.2364023
1789730580.8027976
1789730584.4638193
1789730584.6496432
1789730601.087445
1789730606.4217827
1789730607.689602
1789730608.6695826
1789730609.1077995
1789730614.998401
1789730616.1229007
1789730618.0236135
1789730621.512257
1789730624.937969
1789730642.1486838
1789730642.4473803
1789730648.7039862
1789730648.9685085
1789730650.679632
1789730650.861218
1789730654.688042
1789730656.345659
1789730660.9054644
1789730662.8446462
1789730668.65008
1789730670.185187
1789730674.5096912
1789730674.744458
1789730675.1440487
1789730681.61833
1789730681.921313
1789730708.207724
1789730725.4882362
1789730727.515432
1789730727.9873993
1789730728.93742
1789730730.9713035
1789730742.8106904
1789730743.3214238
1789730743.8883624
1789730745.5846517
1789730746.4750574
1789730750.824325
1789730751.486827
1789730753.216308
1789730754.659261
1789730754.8349764
1789730756.4849756
1789730761.3529553
1789730762.4893901
1789730766.8030658
1789730766.9105628
1789730770.736864
1789730771.3009827
1789730775.323608
1789730776.0309947
1789730778.2474875
1789730781.300477
1789730797.6694837
1789730808.439613
1789730809.6488078
1789730809.8836255
1789730813.7037373
1789730815.4616454
1789730826.8909578
1789730827.154641
1789730827.3579495
1789730828.0077894
1789730828.1201353
1789730844.381778
1789730844.9217346
1789730845.1107838
1789730849.5647845
1789730849.72569
1789730854.237213
1789730854.78331
1789730858.5297458
1789730864.299474
1789730867.0643606
1789730868.911147
1789730869.1000276
1789730870.7858105
1789730881.2808802
1789730885.8435695
1789730886.0145936
1789730886.2047257
1789730887.8045573
1789730898.8074164
1789730900.1021132
1789730900.380765
1789730900.901717
1789730912.095916
1789730915.9521604
1789730921.612162
1789730927.4820886
1789730927.6610293
1789730931.7713983
1789730932.889427
1789730937.710577
1789730942.331226
1789730942.527157
1789730942.648203
1789730946.4618855
1789730947.1194942
1789730947.8080297
1789730953.5871353
1789730955.4263308
1789730967.0096047
1789730978.3936172
1789730978.6465743
1789730984.780596
1789730985.692985
1789730989.9120607
1789730998.260225
1789730999.6058028
1789730999.8037632
1789730999.9856994
1789731004.2727983
1789731024.6970773
1789731024.9404023
1789731025.162645
1789731025.4264824
1789731031.3102024
1789731040.6818688
1789731040.9377465
1789731041.0430772
1789731041.9926763
1789731046.4504175
1789731046.6312191
1789731046.8024938
1789731054.7007601
1789731054.8764014
1789731059.7843883
1789731060.119019
1789731060.763559
1789731061.0222645
1789731061.2082658
1789731061.3839946
1789731061.7469552
1789731066.1256733
1789731066.9780562
1789731067.1648948
1789731071.4320652
1789731071.5544763
1789731076.727991
1789731086.4054995
1789731086.9781685
1789731087.2192123
1789731091.9254665
1789731096.2975302
1789731096.5425506
1789731097.0219986
1789731102.4134781
1789731102.5488427
1789731102.7477312
1789731112.6132352
1789731117.884609
1789731118.0566406
1789731118.2173414
1789731118.4156885
1789731118.590062
1789731118.6912155
1789731123.0986478
1789731123.2209399
1789731127.6727633
1789731132.6849735
1789731132.7924945
1789731133.1252036
1789731133.2308223
1789731133.3360007
1789731133.8334072
1789731135.4657154
1789731139.6355178
1789731140.1530344
1789731140.2930946
1789731140.9781313
1789731141.6789393
1789731141.9313662
1789731142.0597866
1789731146.5016215
1789731146.6758626
1789731146.9752412
1789731150.8180182
1789731151.1152341
1789731151.306398
1789731152.101841
1789731152.6696627
1789731152.9804738
1789731157.9240146
1789731158.027814
1789731167.234284
1789731167.5343573
1789731181.8100393
1789731183.2414348
1789731183.5620952
1789731183.7746854
1789731188.2070704
1789731188.5084186
1789731199.0959861
1789731205.4076567
1789731206.7080865
1789731208.5495977
1789731212.8385646
1789731213.3293962
1789731213.8536634
1789731214.0525293
1789731219.9526455
1789731221.199307
1789731221.3602412
1789731232.0377243
1789731232.7587104
1789731232.9791915
1789731237.1011019
1789731241.4021652
1789731258.0560029
1789731258.1600869
1789731258.2674046
1789731259.0517952
1789731262.962699
1789731263.3497405
1789731263.5488677
1789731269.3240395
1789731273.7486193
1789731278.2903383
1789731278.401199
1789731278.5301347
1789731278.641433
1789731279.3548825
1789731280.328007
1789731280.516057
1789731280.9075873
1789731285.7399755
1789731289.8345344
1789731313.2111952
1789731314.2288203
1789731314.8819957
1789731327.9700325
1789731332.4775417
1789731333.0431836
1789731349.7508912
1789731349.9897373
1789731355.0446832
1789731363.8242147
1789731364.3452353
1789731368.4315062
1789731368.561372
1789731368.7488186
1789731369.2997918
1789731369.498704
1789731369.8763852
1789731370.2674768
1789731370.4581296
1789731379.4516287
1789731382.556984
1789731384.440011
1789731386.7178135
1789731387.6622121
1789731392.511921
1789731394.522491
1789731405.6412604
1789731407.7476208
1789731408.2129083
1789731412.900184
1789731417.2922277
1789731418.3771615
1789731418.7836072
1789731422.6406643
1789731422.8177116
1789731429.0530076
1789731439.5507956
1789731439.89511
1789731440.6855702
1789731444.6169617
1789731444.8282473
1789731445.0302444
1789731445.223616
1789731445.336315
1789731445.7741418
1789731445.89431
1789731446.088723
1789731446.557255
1789731446.898024
1789731454.987177
1789731455.3907537
1789731457.6609225
1789731464.2082205
1789731467.1489084
1789731469.6346843
1789731485.3647654
1789731488.6988473
1789731497.765515
1789731498.0941467
1789731506.7652495
1789731509.0364072
1789731509.1942127
1789731514.388542
1789731515.8912022
1789731516.4025855
1789731517.8848307
1789731518.9128294
1789731521.5672472
1789731526.3137553
1789731535.5410216
1789731537.2591953
1789731543.4815814
1789731545.3101547
1789731546.4842255
1789731547.730345
1789731550.2722135
1789731551.3562672
1789731552.4945197
1789731556.4524229
1789731561.4512966
1789731561.8040109
1789731561.99509
1789731576.1427484
1789731576.485733
1789731576.6552467
1789731576.826863
1789731578.492918
1789731579.252205
1789731580.1107178
1789731585.6890118
1789731587.0430052
1789731588.748002
1789731589.0384338
1789731589.2051945
1789731600.7500265
1789731601.2258441
1789731601.7886798
1789731607.2263615
1789731613.5433524
1789731626.5438635
1789731626.8151324
1789731637.2571082
1789731639.079695
1789731645.8207583
1789731647.595384
1789731648.4165385
1789731653.6581101
1789731653.928749
1789731655.5143511
1789731659.929067
1789731661.8136227
1789731662.5121174
1789731662.7819023
1789731662.9051945
1789731663.4313273
1789731672.8299716
1789731675.3200212
1789731676.3420932
1789731680.7453728
1789731686.5069835
1789731686.8180306
1789731687.1004558
1789731688.3842242
1789731699.402515
1789731699.6292596
1789731699.7958405
1789731699.971059
1789731700.5451725
1789731708.7033467
1789731712.8264828
1789731713.040946
1789731713.3995302
1789731713.8532279
1789731718.2399986
1789731729.0562608
1789731729.1519692
1789731734.172004
1789731749.4875178
1789731749.664883
1789731759.3354032
1789731760.6566906
1789731761.5977464
1789731763.2479575
1789731764.8491247
1789731767.6380572
1789731768.3622348
1789731768.5555668
1789731769.7836988
1789731773.2950199
1789731778.83057
1789731780.127563
1789731781.6726413
1789731805.0701232
1789731805.3835626
1789731806.2689233
1789731806.567537
1789731808.5058508
1789731810.3487663
1789731810.7914753
1789731819.9847443
1789731821.261185
1789731822.4610233
1789731824.4706485
1789731826.0350637
1789731826.2535963
1789731828.2030733
1789731829.1261444
1789731830.3827906
1789731831.5444236
1789731835.6220167
1789731836.8768559
1789731842.2562392
1789731842.585095
1789731843.7580585
1789731845.0085826
1789731846.925335
1789731847.2253013
1789731848.7067015
1789731850.174791
1789731854.4895406
1789731854.8378646
1789731856.0738218
1789731857.2207155
1789731859.1066804
1789731859.2889702
1789731864.2349694
1789731871.6437218
1789731872.3867352
1789731873.8535995
1789731878.5367765
1789731879.389532
1789731887.5350807
1789731890.0259426
1789731893.339203
1789731895.0373068
1789731912.361529
1789731913.5225444
1789731913.8677673
1789731914.4210117
1789731919.8231745
1789731924.2456734
1789731924.6874328
1789731925.0955598
1789731926.509726
1789731927.6384573
1789731931.831719
1789731932.0356348
1789731937.0409422
1789731937.4899154
1789731974.6356173
1789731974.746964
1789731975.8015661
1789731976.1638072
1789731976.502923
1789731977.0002944
1789731977.1063104
1789731977.273156
1789731981.9868612
1789731986.7166464
1789731991.4651937
1789731992.878537
1789731993.1628962
1789731993.8490775
1789731998.8689315
1789732018.8388407
1789732024.4244878
1789732037.1672041
1789732037.9520907
1789732040.3406663
1789732048.6158352
1789732050.4354057
1789732058.0812576
1789732058.3845422
1789732059.5516818
1789732061.213719
1789732064.4435258
1789732073.230239
1789732079.2815866
1789732084.102049
1789732089.3036287
1789732091.4722764
1789732092.1665113
1789732092.400018
1789732092.7634068
1789732100.6402798
1789732102.5221267
1789732104.659818
1789732110.2871592
1789732116.7782304
1789732122.1424074
1789732127.191849
1789732128.5591066
1789732130.7133148
1789732133.0034099
1789732133.3721192
1789732133.5466404
1789732139.001821
1789732140.9037828
1789732141.356854
1789732146.7784405
1789732148.3312018
1789732149.5224411
1789732154.4819577
1789732154.7362115
1789732159.676966
1789732161.6129723
1789732161.8043482
1789732163.7378924
1789732165.3385034
1789732170.378484
1789732170.8865163
1789732172.9270103
1789732179.51124
1789732184.1376224
1789732185.5942807
1789732192.8185756
1789732194.1127064
1789732196.2057784
1789732201.7980332
1789732211.61139
1789732216.1435673
1789732216.3155425
1789732218.1136293
1789732218.47611
1789732218.7538972
1789732218.8642063
1789732224.2048578
1789732226.279656
1789732227.1764498
1789732231.3017414
1789732231.610983
1789732233.6351228
1789732233.8219886
1789732235.574427
1789732236.5088267
1789732241.672649
1789732242.9604056
1789732243.0736914
1789732244.9823596
1789732255.4010618
1789732260.8173792
1789732262.2209737
1789732262.636139
1789732264.6939092
1789732271.3920286
1789732272.1971667
1789732273.631374
1789732273.7331793
1789732275.764623
1789732280.4062247
1789732280.7234614
1789732281.3233006
1789732308.1338892
1789732313.1035042
1789732313.2323213
1789732318.7414958
1789732318.9270346
1789732323.2465577
1789732323.407348
1789732327.7154713
1789732328.7486022
1789732329.2516208
1789732329.593773
1789732329.7863545
1789732332.879938
1789732332.9996393
1789732333.1162016
1789732342.9338226
1789732345.013496
1789732349.7939665
1789732351.7424843
1789732353.4247146
1789732366.0120459
1789732367.1082983
1789732372.699491
1789732373.4471912
1789732373.9134235
1789732404.630317
1789732413.0995824
1789732418.1591825
1789732419.443366
1789732421.3759413
1789732422.748227
1789732424.7547853
1789732429.8773675
1789732430.6640704
1789732447.2641473
1789732447.5894578
1789732447.787463
1789732452.5697355
1789732453.1723647
1789732465.0139515
1789732465.1942687
1789732470.8347707
1789732472.0475736
1789732473.236511
1789732489.2177715
1789732490.0359497
1789732490.3299303
1789732526.995488
1789732527.1926835
1789732527.3823106
1789732527.6632817
1789732528.2364657
1789732528.4198349
1789732529.6820395
1789732535.1226294
1789732535.234301
1789732535.948019
1789732541.8665497
1789732546.6237125
1789732547.045658
1789732547.2365217
1789732552.981636
1789732553.6908555
1789732556.824896
1789732558.7137296
1789732562.7563846
1789732564.4868705
1789732569.8151467
1789732571.428468
1789732572.7162914
1789732574.5749142
1789732575.9059072
1789732580.386258
1789732582.3863175
1789732587.415055
1789732587.9364932
1789732588.10834
1789732592.1048937
1789732593.3735921
1789732593.5790014
1789732594.8477225
1789732604.3596482
1789732605.879994
1789732610.254209
1789732610.9540327
1789732611.1664379
1789732616.7149866
1789732620.9478707
1789732623.9436657
1789732624.102117
1789732624.3692067
1789732626.3373144
1789732627.4520159
1789732627.561089
1789732628.6060667
1789732631.2049012
1789732631.4037635
1789732635.0304713
1789732635.2542627
1789732635.375638
1789732639.9063346
1789732654.9856446
1789732659.3868341
1789732664.1292408
1789732664.2930458
1789732665.00745
1789732666.2923915
1789732673.9790044
1789732675.2849758
1789732676.0990796
1789732677.7737844
1789732679.5590296
1789732679.7736669
1789732683.6343453
1789732685.190333
1789732686.4007308
1789732687.1877697
1789732693.3414466
1789732693.8047435
1789732701.4107647
1789732702.5554426
1789732704.1142151
1789732704.5727222
1789732704.8997302
1789732706.1365702
1789732717.9207904
1789732722.977058
1789732727.9732227
1789732728.506869
1789732728.7234957
1789732741.706602
1789732759.916707
1789732763.684975
1789732764.893692
1789732770.7602441
1789732771.9625742
1789732772.3003266
1789732776.7825255
1789732781.2136993
1789732784.4047437
1789732785.3477962
1789732786.218312
1789732791.3823094
1789732794.9659348
1789732795.1599135
1789732798.8063166
1789732800.5605555
1789732817.6500227
1789732817.9485884
1789732818.259245
1789732840.9862156
1789732845.931356
1789732846.1047375
1789732846.5466707
1789732850.989522
1789732855.9293525
1789732861.3958073
1789732869.9588618
1789732874.592383
1789732888.0278833
1789732888.33859
1789732899.7681298
1789732901.5771792
1789732906.2156196
1789732906.3423412
1789732910.8879604
1789732931.588484
1789732944.4341724
1789732949.7499738
1789732954.5038028
1789732958.875769
1789732963.394947
1789732973.88233
1789732978.902909
1789732979.266916
1789732979.3789992
1789732980.1999488
1789732984.781696
1789732984.9400814
1789732985.1692317
1789732986.0486057
1789732986.571164
1789732996.8785775
1789733020.7340143
1789733021.622951
1789733021.8209813
1789733022.0012143
1789733030.6678586
1789733032.2049444
1789733032.3808186
1789733037.422174
1789733037.7289953
1789733038.5100472
1789733039.010988
1789733056.3152251
1789733056.6288037
1789733065.8513684
1789733071.9085507
1789733072.3044462
1789733077.4525816
1789733077.650669
1789733079.6399064
1789733079.7117412
1789733080.0791245
1789733080.2970498
1789733080.7095191
1789733080.8230634
1789733085.2999895
1789733086.3919683
1789733086.987826
1789733091.3023453
1789733092.4864192
1789733092.7535927
1789733092.8683236
1789733092.9967475
1789733094.1782131
1789733094.2988563
1789733104.068062
1789733104.2035482
1789733104.957605
1789733105.0959902
1789733105.7571633
1789733114.1700933
1789733115.3100193
1789733122.1211758
1789733122.3901205
1789733127.8546596
1789733134.1418335
1789733135.8076358
1789733151.9687326
1789733156.2650273
1789733157.7448022
1789733180.5060413
1789733180.7523444
1789733182.7338712
1789733188.179942
1789733194.0430112
1789733200.0119772
1789733201.4645774
1789733205.93654
1789733205.998462
1789733206.2017214
1789733210.1440885
1789733216.2987254
1789733220.595807
1789733222.4575255
1789733222.7781408
1789733236.2514348
1789733240.6446843
1789733245.19375
1789733246.4397194
1789733250.6047983
1789733251.4541104
1789733252.354172
1789733258.0097795
1789733268.8431108
1789733269.028736
1789733273.6694117
1789733273.9970071
1789733282.9778123
1789733287.3374763
1789733287.4630878
1789733292.8291547
1789733295.0883124
1789733295.5249772
1789733298.6632893
1789733300.1902294
1789733304.8770547
1789733305.479834
1789733305.8941867
1789733306.9366286
1789733307.1320057
1789733309.2476928
1789733309.7258537
1789733311.9032066
1789733312.6460521
1789733315.4666598
1789733321.6201098
1789733322.4087586
1789733324.3260636
1789733326.6327276
1789733327.184994
1789733329.2901063
1789733329.5917957
1789733330.792246
1789733333.1096532
1789733344.6446276
1789733349.5243127
1789733354.2259133
1789733354.6050901
1789733354.935573
1789733356.8897383
1789733358.655461
1789733369.5932636
1789733370.8461442
1789733382.8458507
1789733383.0231748
1789733387.4367754
1789733390.659969
1789733393.1330075
1789733394.8279455
1789733404.8258564
1789733406.575592
1789733408.3978884
1789733409.1352668
1789733410.6806061
1789733430.021769
1789733440.1197934
1789733440.9157317
1789733441.0602026
1789733441.2173665
1789733446.078722
1789733453.6923037
1789733455.6208029
1789733466.380926
1789733466.7490323
1789733466.874734
1789733472.9402552
1789733473.1515248
1789733480.0434663
1789733481.914951
1789733483.52696
1789733485.4996822
1789733491.1384716
1789733500.576782
1789733519.9327567
1789733520.3038514
1789733528.7712605
1789733531.1462085
1789733532.2310188
1789733532.5844724
1789733533.4910188
1789733549.5649884
1789733551.8537421
1789733558.84286
1789733560.0306098
1789733578.4286466
1789733583.3005097
1789733583.5665011
1789733583.847085
1789733584.0686932
1789733584.2818334
1789733584.4002614
1789733588.9465904
1789733589.137508
1789733589.3145394
1789733591.224701
1789733597.1798286
1789733607.2539346
1789733608.3741727
1789733608.6931384
1789733612.6446579
1789733612.8216858
1789733614.6512854
1789733614.799269
1789733617.3568773
1789733625.6965747
1789733632.138898
1789733632.2786734
1789733632.7408307
1789733633.0709314
1789733637.645053
1789733637.9896777
1789733649.3259854
1789733649.6020107
1789733654.0463133
1789733654.2368164
1789733663.4524846
1789733663.732517
1789733664.511888
1789733664.6711373
1789733665.0160704
1789733665.4931169
1789733666.1113694
1789733666.237449
1789733666.5556324
1789733694.7119877
1789733699.215299
1789733699.4096675
1789733699.5320919
1789733704.0601625
1789733717.035095
1789733717.6010685
1789733729.985246
1789733730.1693947
1789733734.644634
1789733739.237599
1789733743.7122853
1789733744.0102034
1789733746.5354066
1789733747.3051965
1789733752.5931323
1789733756.264337
1789733761.132863
1789733769.483562
1789733773.8771365
1789733775.8456562
1789733780.3451781
1789733782.4288442
1789733788.9422336
1789733793.820611
1789733807.2281547
1789733807.3587017
1789733824.4996808
1789733835.7706614
1789733838.0168486
1789733838.6946778
1789733843.1537101
1789733843.3491123
1789733844.8862803
1789733854.9371808
1789733855.2134173
1789733857.5510602
1789733857.6921337
1789733876.7537162
1789733879.9623356
1789733881.073655
1789733888.987765
1789733896.0677338
1789733897.6431942
1789733899.877227
1789733900.084402
1789733900.1994848
1789733900.534212
1789733905.3659115
1789733905.6777236
1789733905.895029
1789733916.218516
1789733919.0479724
1789733926.3524468
1789733927.0875344
1789733927.2163937
1789733927.3352473
1789733927.7514105
1789733927.9531963
1789733928.080837
1789733933.1603491
1789733938.138751
1789733938.3639445
1789733938.502851
1789733938.6325154
1789733939.7025218
1789733939.91057
1789733940.1846375
1789733951.5324328
1789733955.8885329
1789733957.1084225
1789733975.9217608
1789733976.1151388
1789733980.9124322
1789733981.5485938
1789733981.674295
1789733986.410422
1789733986.8295343
1789733987.1103647
1789733993.3698087
1789734003.4321942
1789734007.9978592
1789734009.4468474
1789734010.5237436
1789734012.0957367
1789734013.2470288
1789734013.4367757
1789734014.718394
1789734016.2099159
1789734024.4229255
1789734026.3433433
1789734031.0204182
1789734032.2174559
1789734037.9036708
1789734038.0453775
1789734038.5952106
1789734039.29644
1789734040.7209368
1789734043.221852
1789734048.651879
1789734048.7708905
1789734068.3599296
1789734069.1919432
1789734069.4736147
1789734069.7344759
1789734083.0684621
1789734084.1983974
1789734097.055073
1789734097.2069986
1789734097.8452053
1789734112.970765
1789734123.3042104
1789734123.4780686
1789734123.678462
1789734123.8864012
1789734124.0808544
1789734125.5391486
1789734125.709168
1789734126.1806352
1789734128.8044531
1789734129.289605
1789734139.2212467
1789734140.6114252
1789734140.7271895
1789734142.690141
1789734142.967209
1789734143.1000435
1789734143.3565276
1789734143.5259173
1789734149.5192895
1789734154.451449
1789734159.6822727
1789734161.4616604
1789734166.407157
1789734166.8583379
1789734171.4833698
1789734173.304802
1789734173.5039182
1789734177.076167
1789734189.5191238
1789734198.4795885
1789734203.1097517
1789734206.2036517
1789734210.916283
1789734211.43244
1789734216.0407681
1789734216.8818645
1789734232.7593818
1789734233.4279137
1789734233.8627474
1789734233.9952536
1789734238.4758503
1789734250.4962268
1789734262.8883176
1789734263.3233793
1789734268.204101
1789734277.2493587
1789734277.3663175
1789734277.4840233
1789734278.7410803
1789734283.0430634
1789734287.8923159
1789734288.0095062
1789734289.9575768
1789734295.0522485
1789734295.4249718
1789734295.6166275
1789734300.4854665
1789734304.983649
1789734319.463248
1789734323.894507
1789734335.3413658
1789734335.662314
1789734340.1523733
1789734345.1633484
1789734345.6114283
1789734346.3443801
1789734346.4837084
1789734351.4967391
1789734351.6871827
1789734351.955881
1789734360.9122572
1789734366.150708
1789734366.49036
1789734371.1585183
1789734371.2845864
1789734375.6951911
1789734375.9036813
1789734376.8018486
1789734376.9899397
1789734377.1072173
1789734386.0478055
1789734386.1891508
1789734386.4777188
1789734391.219038
1789734391.407782
1789734392.7581751
1789734392.954834
1789734393.9106116
1789734393.9888132
1789734403.0866826
1789734407.625679
1789734408.0702348
1789734408.2776942
1789734408.5421703
1789734408.7469022
1789734409.806353
1789734423.6404617
1789734429.7994056
1789734431.0844917
1789734431.7806537
1789734438.9587643
1789734441.1120677
1789734441.7074437
1789734442.034829
1789734443.9173844
1789734449.9913077
1789734450.7759647
1789734451.8264546
1789734455.2412987
1789734461.6132364
1789734465.7447298
1789734478.5005236
1789734480.9885879
1789734481.0911336
1789734483.2066689
1789734483.4963708
1789734483.6893733
1789734483.980319
1789734484.1161003
1789734484.3939776
1789734495.9715924
1789734496.99432
1789734499.7067552
1789734500.574258
1789734500.8547795
1789734502.4189322
1789734503.547934
1789734504.0854414
1789734521.3254693
1789734521.5712588
1789734526.0296576
1789734526.6553645
1789734535.4738615
1789734535.9139185
1789734536.0947726
1789734540.3817384
1789734540.498381
1789734549.3538418
1789734553.0965302
1789734553.7822576
1789734568.353211
1789734570.5275867
1789734572.6564147
1789734573.0037653
1789734574.9539518
1789734590.6104758
1789734590.881024
1789734592.3268769
1789734592.5514796
1789734592.9786716
1789734601.502742
1789734607.379311
1789734607.6766481
1789734608.2306933
1789734608.333121
1789734608.509462
1789734608.6396263
1789734612.4330022
1789734612.6188183
1789734612.874211
1789734617.4541728
1789734624.1869748
1789734625.4511664
1789734628.2131605
1789734633.7172306
1789734633.847411
1789734639.1577
1789734639.4257746
1789734640.7424743
1789734641.146959
1789734649.7018309
1789734649.9051569
1789734650.0955832
1789734650.222765
1789734652.148994
1789734652.3246102
1789734663.0570858
1789734667.9603722
1789734668.439013
1789734708.8117263
1789734715.4126868
1789734716.3567712
1789734720.9803474
1789734721.4003775
1789734729.8891647
1789734730.1489742
1789734734.6985788
1789734739.1733856
1789734739.5047154
1789734748.0376701
1789734752.5178933
1789734757.395677
1789734763.2032914
1789734764.5982914
1789734765.3177414
1789734767.1393838
1789734779.9500606
1789734782.0754206
1789734794.96127
1789734795.6219168
1789734816.0578759
1789734816.2660522
1789734821.9459558
1789734823.3499742
1789734826.0203154
1789734827.8545094
1789734828.2053373
1789734829.9214468
1789734831.5624824
1789734832.3774078
1789734838.9248586
1789734851.672586
1789734852.267367
1789734853.1150317
1789734853.2920678
1789734855.3508646
1789734860.6148431
1789734861.6794949
1789734863.0067954
1789734863.6922476
1789734868.5272126
1789734869.0353715
1789734873.0340402
1789734875.3281384
1789734877.163716
1789734881.5536177
1789734881.8277812
1789734887.3271616
1789734888.1306055
1789734888.3930469
1789734906.5147815
1789734910.7240736
1789734912.5079963
1789734913.9885304
1789734914.4118977
1789734919.9690962
1789734920.6913586
1789734921.9608412
1789734923.7595024
1789734931.3213148
1789734937.328136
1789734956.4547665
1789734956.9884138
1789734961.4368422
1789734963.1545684
1789734965.3302698
1789734966.9289865
1789734969.5836694
1789734970.4207711
1789734971.1611567
1789735004.0127356
1789735005.8303776
1789735012.4575765
1789735013.2102456
1789735018.2235718
1789735020.108204
1789735021.0535982
1789735021.5011258
1789735023.2392604
1789735023.5455446
1789735030.2515423
1789735030.537307
1789735031.7022703
1789735041.02459
1789735050.3214881
1789735057.1815088
1789735057.4615622
1789735057.8063264
1789735057.9097986
1789735058.5022206
1789735068.8838913
1789735090.6374452
1789735090.8692446
1789735091.9712923
1789735094.759547
1789735096.0112798
1789735100.8750465
1789735103.4336524
1789735104.2654638
1789735108.2885363
1789735112.8329813
1789735114.4661462
1789735114.8153899
1789735115.0022771
1789735118.8544238
1789735130.6140234
1789735132.7809625
1789735135.1677375
1789735135.88259
1789735142.3710883
1789735148.439398
1789735150.4608448
1789735165.8542457
1789735167.8400335
1789735168.1535401
1789735170.3422368
1789735170.4955394
1789735176.0553448
1789735178.529931
1789735183.3451486
1789735188.9163017
1789735189.2363515
1789735189.778134
1789735190.6632876
1789735192.053385
1789735197.872827
1789735202.210175
1789735202.3828237
1789735202.5557349
1789735211.043074
1789735216.0669599
1789735216.4568734
1789735216.580391
1789735216.8616593
1789735221.5695965
1789735221.8501394
